1 0.45169639423076924 0.48218029567307696 0.4847477427884615 0.4773423653846154 0.5105439158653846 0.4563780072115385 0.5242481322115384 0.42251249759615384 0.5057071322115385 0.3515562019230769 0.49200291586538464 0.29672633413461535 0.4831354807692308 0.2838251875 0.4645944783653846 0.27092404326923075 0.449278 0.2612481875 0.4363799110576923 0.24995968509615382 0.4234818245192308 0.25318496874999996 0.41380826201923077 0.27092404326923075 0.412196 0.3128527668269231 0.4444412163461538 0.3886469927884615 0.4484718701923077 0.44186421394230774 0.45169639423076924 0.48218029567307696
1 0.31546034375 0.44508950240384615 0.33158295192307696 0.4854055793269231 0.34609330288461543 0.5644250937499999 0.3525423461538461 0.5966779567307692 0.3710833461538462 0.5902273846153846 0.3992979110576923 0.5418480889423077 0.4089714783653846 0.5095952259615385 0.39204273557692304 0.4644412211538462 0.38398143509615384 0.40316077884615387 0.37995077884615386 0.3983228485576923 0.37188947596153843 0.4096113533653846 0.34528717067307696 0.3886469927884615 0.32594003846153846 0.38058377884615385 0.31787873557692303 0.40154813942307693 0.31546034375 0.44508950240384615
1 0.22194921153846153 0.5386228052884615 0.23726568750000002 0.5853894519230769 0.2630618605769231 0.6273181754807692 0.2816028653846154 0.6692468942307692 0.29933773317307694 0.6595710384615384 0.3122358197115384 0.6515078245192308 0.31626647596153845 0.6321561057692308 0.30578677644230773 0.5789388798076923 0.2896641706730769 0.5112078677884615 0.28805190865384617 0.5015320120192308 0.2864396466346154 0.5015320120192308 0.2566128197115385 0.4773423653846154 0.23242890625 0.4676665024038461 0.22194921153846153 0.48056764663461543 0.22194921153846153 0.5386228052884615
1 0.16310168509615386 0.5724883076923077 0.16390781490384615 0.5886147427884615 0.1856733389423077 0.6273181754807692 0.19615303365384615 0.6482825336538462 0.21469403365384615 0.6611836802884615 0.22114307932692306 0.6498951754807692 0.22114307932692306 0.6289308173076923 0.204289125 0.5708756658653846 0.20340820673076923 0.5628124471153846 0.1953469014423077 0.5628124471153846 0.16310168509615386 0.5724883076923077
1 0.26548025480769233 0.9046927932692307 0.24613312259615386 0.8821157860576924 0.23560955769230768 0.85695709375 0.23323503365384615 0.8917916466346154 0.24210247115384617 0.9304950817307692 0.26225573317307693 0.9756490889423077 0.27918447115384615 0.9869375913461538 0.2799906033653846 0.9562973701923076 0.26548025480769233 0.9046927932692307
1 0.3823691730769231 0.7789066298076922 0.35818525721153843 0.7901951322115385 0.35334847596153846 0.8063215600961539 0.34770556249999995 0.8143847740384615 0.37753238942307693 0.8740525721153846 0.39526725721153844 0.8998548605769231 0.41461438942307693 0.9063054350961538 0.42106343509615385 0.865989358173077 0.3944611298076923 0.8014836298076923 0.3823691730769231 0.7789066298076922
1 0.5016764807692308 0.8030962764423077 0.4726557836538462 0.7353652644230769 0.4629822163461539 0.7273020504807692 0.44766573798076925 0.7305273341346153 0.41715801923076923 0.7627801947115385 0.43799217307692306 0.8321238485576923 0.4742680432692307 0.8579261394230768 0.49925808894230767 0.8288985649038462 0.5016764807692308 0.8030962764423077
1 0.589544701923077 0.7434284783653846 0.6008305288461538 0.7111756153846154 0.6024427884615384 0.6934365408653846 0.5919630913461538 0.6482825336538462 0.571809829326923 0.6224802451923076 0.5363400913461539 0.6289308173076923 0.5113500480769231 0.6547331057692307 0.5040948701923077 0.6547331057692307 0.49214592548076924 0.6595710384615384 0.5347278293269231 0.7176261875 0.5508504375000001 0.7240767620192308 0.5750343533653847 0.73697790625 0.589544701923077 0.7434284783653846
1 0.5548810913461538 0.3128527668269231 0.5653607860576924 0.35478148317307695 0.5774527451923077 0.3918722764423077 0.5951876129807693 0.4467021442307692 0.6096979615384616 0.48056764663461543 0.6274328341346155 0.5241090120192308 0.645167704326923 0.58700209375 0.6733822716346154 0.6821480384615385 0.6895048774038461 0.6966618293269231 0.6822497043269231 0.6611836802884615 0.6685454879807692 0.6208676033653846 0.6491983557692307 0.5837768125 0.6274328341346155 0.48218029567307696 0.5605240024038461 0.26608611298076923 0.5331155697115384 0.1870666033653846 0.5306971754807692 0.20158038942307693 0.5435952644230769 0.2644734711538462 0.5548810913461538 0.3128527668269231
5 0.12763194711538461 0.7547537475961538 0.1397239014423077 0.7144376730769231 0.11236846875 0.6563825216346154 0.10667255288461538 0.7015365288461539 0.10828481490384616 0.73540203125 0.12763194711538461 0.7547537475961538
1 0.34367490865384615 0.9676226418269231 0.33319521394230767 0.9273065649038461 0.3227155192307692 0.8950536971153846 0.3041745168269231 0.8918284158653846 0.283215125 0.8789272716346154 0.2773432331730769 0.8756643341346154 0.29853160336538465 0.9047295600961539 0.30981743028846154 0.9418203533653846 0.31626647596153845 0.9627847115384616 0.3299706923076923 0.9708479302884616 0.33964425721153846 0.9740732139423076 0.34367490865384615 0.9676226418269231