4 0.7415214254807693 0.5782860817307692 0.6760539062500001 0.5671847211538462 0.7366963125 0.6781572163461539 0.806660420673077 0.7023195865384615 0.7415214254807693 0.5782860817307692
4 0.6848263677884615 0.7619201033653845 0.6643196490384615 0.6298324735576923 0.6315644591346155 0.5702319591346154 0.6462254783653846 0.6990979375 0.6848263677884615 0.7619201033653845
4 0.58591159375 0.7458118557692307 0.5943555360576923 0.6717139182692308 0.5678174254807693 0.5847293822115385 0.5666111514423077 0.610502576923077 0.5243914278846155 0.7087628870192308 0.58591159375 0.7458118557692307
2 0.5135349254807692 0.6169458774038462 0.53162909375 0.5653994855769231 0.5531378197115384 0.5686211346153847 0.5328353701923076 0.5444587620192307 0.5135349254807692 0.5702319591346154 0.43874570673076924 0.6797680408653846 0.4616649855769231 0.7474226802884616 0.5135349254807692 0.6169458774038462
4 0.5798802043269231 1 0.6703510336538462 0.9987113413461538 0.699301701923077 0.8440721658653847 0.6906860817307692 0.8086340216346154 0.6172748149038461 0.8150773197115384 0.5798802043269231 1
4 0.5412793173076923 1 0.5690237019230769 0.9777706177884615 0.5895304254807692 0.8827319591346154 0.6110528774038462 0.8150773197115384 0.5931492596153846 0.7780283509615384 0.5545483701923077 0.7490335048076923 0.53162909375 0.8730670096153846 0.5340416490384615 0.931056701923077 0.5412793173076923 1
4 0.24091615384615384 0.97454896875 0.2529789350961539 0.9358891754807692 0.34706859855769234 0.8569587620192307 0.424270375 0.7973582475961538 0.4447770961538462 0.7860824735576923 0.42547665144230773 0.7603092788461538 0.38446320913461535 0.74420103125 0.22402826682692306 0.8714561850961539 0.24091615384615384 0.97454896875
4 0.43753942788461536 0.9326675264423077 0.4544273173076923 0.8505154639423077 0.4435708197115385 0.8038015456730769 0.40955673798076925 0.8166881442307693 0.36516276442307694 0.8472938149038461 0.359131375 0.8795103100961538 0.3663690432692308 0.9149484543269231 0.3868757644230769 0.9632731947115385 0.43753942788461536 0.9326675264423077
4 0.20352154326923078 0.8376288653846153 0.22161571153846155 0.8843427836538461 0.27348565625 0.7957474230769231 0.37360670673076923 0.7216494855769231 0.36878159855769227 0.7232603100961538 0.3325932668269231 0.7007087620192307 0.29519865624999997 0.7216494855769231 0.20231526682692308 0.8150773197115384 0.20352154326923078 0.8376288653846153
4 0.17698343509615383 0.750644329326923 0.19145876923076924 0.7989690721153846 0.23247221153846154 0.74420103125 0.28648724038461537 0.6958762884615385 0.27107310096153847 0.6749355673076922 0.23488476923076923 0.6829896899038462 0.17698343509615383 0.750644329326923
3 0.10701932451923077 0.6846005144230769 0.12631976923076924 0.7055412379807693 0.17095204567307692 0.6862113413461538 0.23609104567307693 0.6572164951923077 0.2553914903846154 0.6475515456730769 0.20834665624999998 0.6217783509615384 0.10701932451923077 0.6846005144230769