1 0.25951249759615386 0.5060664110576923 0.19044424278846156 0.3911238822115385 0.14542179326923077 0.3783524903846154 0.1882858605769231 0.4677522331730769 0.24872057932692307 0.5316091947115384 0.25951249759615386 0.5060664110576923
5 0.25519573076923074 0.6194125168269231 0.3307391346153846 0.5699233725961539 0.3393726682692308 0.5348020432692308 0.3289278389423077 0.5140485336538462 0.2746211754807692 0.5475734375 0.2120280721153846 0.6002554302884615 0.2120280721153846 0.6481481490384616 0.25519573076923074 0.6194125168269231
1 0.17965232692307692 0.5779054903846154 0.21018863221153847 0.5395913149038462 0.08684186057692307 0.6146232451923077 0.10626730528846154 0.6321839086538461 0.12353436778846152 0.6321839086538461 0.17965232692307692 0.5779054903846154
1 0.11058407211538462 0.662515966346154 0.10872058653846153 0.6657088125 0.13000951923076923 0.6960408701923076 0.1882858605769231 0.6114303942307692 0.19044424278846156 0.5858876129807692 0.11058407211538462 0.662515966346154
1 0.12569275240384614 0.45498084375 0.10008500480769231 0.4278416370192308 0.11705921875 0.49968071634615385 0.15159334615384615 0.5475734375 0.1774939423076923 0.5284163485576923 0.12569275240384614 0.45498084375
5 0.22713675240384615 0.5332056201923077 0.18396909375 0.4661558125 0.14758068990384615 0.4406130264423077 0.15159334615384615 0.4725415048076923 0.19476100480769232 0.5316091947115384 0.22713675240384615 0.5332056201923077
1 0.15591011298076923 0.5587484014423076 0.0828138485576923 0.45817368990384616 0.08468347596153847 0.5092592596153847 0.11058407211538462 0.5587484014423076 0.1321679014423077 0.5651340985576924 0.15591011298076923 0.5587484014423076
1 0.32642236778846156 0.5140485336538462 0.3091553052884616 0.4693486586538462 0.23393647596153844 0.40708812259615385 0.23792866826923076 0.44859514663461536 0.2724627932692308 0.5332056201923077 0.32642236778846156 0.5140485336538462
5 0.4192328389423077 0.5363984663461538 0.3739067980769231 0.5459770120192308 0.2962050096153846 0.6305874831730769 0.30518 0.67688378125 0.33721428605769227 0.6641123870192308 0.39764900961538463 0.6050447019230769 0.4192328389423077 0.5363984663461538
5 0.4778915697115385 0.5363984663461538 0.5336271346153846 0.6034482764423077 0.5681612644230769 0.5922733076923077 0.5012513942307693 0.5028735625 0.4778915697115385 0.5363984663461538
1 0.2508789639423077 0.7183908052884616 0.2789379423076923 0.6944444447115384 0.24872057932692307 0.6816730528846153 0.16670203125 0.7104086850961538 0.17101879326923075 0.7327586201923076 0.22281998557692306 0.7391443173076924 0.2508789639423077 0.7183908052884616
5 0.6354908798076924 0.7742656442307693 0.45376747596153844 0.83971903125 0.45376747596153844 0.8716475096153846 0.5746369278846154 0.8317369086538461 0.6354908798076924 0.7742656442307693
5 0.4926183725961539 0.7583014062500001 0.5034102860576923 0.7886334591346155 0.514202201923077 0.7998084302884615 0.5444195649038461 0.7902298846153847 0.5444195649038461 0.7870370384615384 0.5293108798076923 0.759897826923077 0.5379444134615384 0.7471264375 0.5487363317307692 0.7359514663461538 0.5595282427884615 0.7215836514423077 0.5767953100961538 0.6992337163461539 0.598379139423077 0.6433588774038461 0.5875872235576923 0.6050447019230769 0.5595282427884615 0.6146232451923077 0.5379444134615384 0.6353767548076923 0.5552114759615384 0.6720945096153846 0.5120438197115385 0.678480201923077 0.4930038341346154 0.7199872307692308 0.4775096899038462 0.7247765024038462 0.49045999038461535 0.7423371658653846 0.4926183725961539 0.7583014062500001