4 0.1716265793269231 0.5509020625000001 0.18489563221153846 0.5976159783653846 0.1897207451923077 0.6201675264423077 0.1981646923076923 0.7184278341346153 0.2041960769230769 0.7458118557692307 0.20660863221153847 0.7039304134615385 0.1981646923076923 0.6411082475961538 0.21505257932692307 0.6040592788461538 0.23073418990384614 0.6878221658653847 0.24279696634615386 0.7297036081730769 0.24400324278846153 0.7329252572115385 0.2512409110576923 0.774806701923077 0.29346063221153845 0.7909149495192308 0.28019157451923077 0.7087628870192308 0.24762207692307692 0.5992268052884615 0.23435302403846153 0.4816365985576923 0.19575213461538463 0.4703608245192308 0.17765796875 0.48002577403846153 0.1716265793269231 0.5154639182692308 0.1716265793269231 0.5509020625000001
0 0.18007052163461537 0.38981958653846155 0.19937096634615384 0.3366623701923077 0.20178352163461538 0.31733247355769234 0.1981646923076923 0.2931701033653846 0.1716265793269231 0.2931701033653846 0.14508846634615385 0.32860824759615387 0.13423196875 0.36243556730769233 0.13061313461538462 0.35760309375 0.10648757932692308 0.39787371153846157 0.09321852403846154 0.4365335048076923 0.1462947451923077 0.43009020673076925 0.18007052163461537 0.38981958653846155
0 0.34774313221153846 0.2835051538461538 0.36704357451923075 0.2802835048076923 0.38272518509615383 0.26417525721153845 0.3923754086538462 0.2480670096153846 0.3803126298076923 0.22390463942307692 0.3779000745192308 0.2126288653846154 0.36824985336538457 0.20135309375000002 0.35498079567307694 0.1997422692307692 0.3127610769230769 0.20457474278846155 0.29587318990384615 0.22390463942307692 0.2548597451923077 0.25128865865384614 0.22711535576923078 0.27706185576923076 0.2247027980769231 0.28994845432692307 0.23917813221153847 0.3221649495192308 0.2633036875 0.32699742307692303 0.29346063221153845 0.27867268028846154 0.31879246394230765 0.2690077307692308 0.34291801923076926 0.2690077307692308 0.34774313221153846 0.2835051538461538
2 0.28139785336538464 0.48485824759615387 0.2910480769230769 0.5299613413461539 0.2970794639423077 0.58795103125 0.3103485216346154 0.6781572163461539 0.34533057451923077 0.8021907211538462 0.35980590625000003 0.7941365985576923 0.3441242980769231 0.6733247427884615 0.3127610769230769 0.5025773197115385 0.26346449759615387 0.39143041346153845 0.2572723004807692 0.4091494855769231 0.27174763221153847 0.4429768052884615 0.28139785336538464 0.48485824759615387
2 0.2970794639423077 0.41881443269230767 0.3115547980769231 0.4461984543269231 0.3272364086538462 0.4671391754807692 0.34533057451923077 0.5025773197115385 0.3622184639423077 0.5251288653846153 0.3622184639423077 0.5347938149038461 0.36463101923076924 0.5637886586538461 0.3766937956730769 0.5976159783653846 0.3779000745192308 0.6411082475961538 0.38513774038461535 0.6878221658653847 0.4056444639423077 0.6652706177884615 0.3959942403846154 0.66204896875 0.3875502980769231 0.6475515456730769 0.38272518509615383 0.6217783509615384 0.3803126298076923 0.5750644326923077 0.3766937956730769 0.5283505144230769 0.36704357451923075 0.4784149495192308 0.35739335096153846 0.4429768052884615 0.3320615216346154 0.42203608173076923 0.28019157451923077 0.3817654639423077 0.28622296634615385 0.38981958653846155 0.28622296634615385 0.39143041346153845 0.2970794639423077 0.41881443269230767
2 0.4780211274038461 0.6346649495192308 0.4165009615384615 0.5170747427884615 0.3803126298076923 0.4107603100961539 0.34291801923076926 0.3817654639423077 0.40323190625 0.50579896875 0.42494490625000003 0.6056701033653846 0.43962279807692306 0.6201675264423077 0.4599269615384615 0.6765463918269231 0.50094040625 0.7554768052884615 0.5262722403846154 0.7280927836538461 0.4780211274038461 0.6346649495192308
2 0.7446085096153846 0.30283505048076925 0.7675277884615385 0.3527706177884615 0.8145726225961538 0.3753221658653846 0.8025098413461538 0.3125 0.7687340649038461 0.2883376298076923 0.7530524567307691 0.24967783413461536 0.6975636802884615 0.21746134134615386 0.6266401730769231 0.18363402163461537 0.6396623485576923 0.22551546394230768 0.7253080649038461 0.28189432932692304 0.7446085096153846 0.30283505048076925
2 0.45872068269230765 0.5170747427884615 0.50094040625 0.5782860817307692 0.5335099038461538 0.6298324735576923 0.5709045144230769 0.7087628870192308 0.6251870144230769 0.7232603100961538 0.6372497908653846 0.6894329903846154 0.5865861274038461 0.6282216490384616 0.5528103485576923 0.58795103125 0.5455726826923077 0.5331829903846154 0.5093843509615384 0.4993556706730769 0.45048187259615385 0.4059278341346154 0.45872068269230765 0.45264175240384613 0.4502767403846154 0.4590850504807692 0.45872068269230765 0.5170747427884615
2 0.6372497908653846 0.5750644326923077 0.6601690697115384 0.5428479374999999 0.5986489038461539 0.5041881442307692 0.5419538485576922 0.3672680408653846 0.42373862980769234 0.2722293822115385 0.43580140625 0.3366623701923077 0.5142094591346154 0.45264175240384613 0.5467789615384615 0.5331829903846154 0.5769359038461539 0.5976159783653846 0.6372497908653846 0.5750644326923077
1 0.7349582884615384 0.5863402067307693 0.6722318461538461 0.4590850504807692 0.6119179567307692 0.3559922692307692 0.50094040625 0.2384020625 0.48163996153846156 0.24967783413461536 0.4782328389423077 0.25128865865384614 0.5733170697115384 0.37693299038461536 0.6517251225961539 0.5041881442307692 0.7192766802884616 0.6201675264423077 0.7349582884615384 0.5863402067307693
1 0.7482273437500001 0.5251288653846153 0.7132452884615385 0.4429768052884615 0.6686130120192307 0.37371134134615386 0.5986489038461539 0.30283505048076925 0.5238596826923076 0.21423968990384615 0.48064596634615386 0.20457474278846155 0.5335099038461538 0.27706185576923076 0.6830883485576924 0.4365335048076923 0.7132452884615385 0.5106314423076923 0.7482273437500001 0.5251288653846153
1 0.6589627908653846 0.3382731947115385 0.7253080649038461 0.4059278341346154 0.7180704014423077 0.3753221658653846 0.6167430697115385 0.2722293822115385 0.5506266610576923 0.19007731971153846 0.5383350144230769 0.2384020625 0.6058865721153845 0.29155927884615385 0.6589627908653846 0.3382731947115385