5 0.7330774783653846 0.31733247355769234 0.7246335336538461 0.30444587740384615 0.7210147019230769 0.30122422596153847 0.6787949807692308 0.30283505048076925 0.687238923076923 0.36243556730769233 0.7210147019230769 0.4123711346153846 0.7342837572115385 0.4784149495192308 0.7692658100961538 0.5041881442307692 0.8030415865384615 0.5186855673076923 0.8151043677884615 0.5364046394230769 0.7873599759615384 0.46230670192307693 0.7716783677884614 0.42364690625 0.7511716442307693 0.3785438149038462 0.7354900336538462 0.34793814423076924 0.7330774783653846 0.31733247355769234
5 0.710158201923077 0.4977448461538462 0.6968891466346154 0.4284793822115385 0.6860326442307693 0.4010953605769231 0.6643196490384615 0.3141108245192308 0.6655259230769232 0.32377577403846153 0.6643196490384615 0.39787371153846157 0.6631133701923078 0.42203608173076923 0.6655259230769232 0.46069587740384615 0.6739698677884616 0.4816365985576923 0.6800012596153846 0.5090206177884615 0.7029205360576923 0.5573453605769231 0.7318712019230769 0.5718427836538461 0.7451402548076923 0.6040592788461538 0.7572030336538462 0.6539948461538461 0.7740909230769231 0.6346649495192308 0.7849474206730769 0.6056701033653846 0.7765034783653846 0.5815077307692308 0.7559967572115384 0.5492912379807693 0.7246335336538461 0.5106314423076923 0.710158201923077 0.4977448461538462
5 0.6582882596153846 0.42364690625 0.6462254783653846 0.38981958653846155 0.6375972788461539 0.3721005144230769 0.6365752596153846 0.4784149495192308 0.6426066490384615 0.5219072163461539 0.6570819807692309 0.5863402067307693 0.6824138149038461 0.655605670673077 0.6956828677884614 0.6765463918269231 0.7379025913461539 0.6733247427884615 0.7246335336538461 0.6201675264423077 0.7005079807692307 0.5734536081730769 0.6787949807692308 0.5186855673076923 0.6751761466346153 0.4977448461538462 0.6643196490384615 0.45747422596153847 0.6582882596153846 0.42364690625
5 0.6269250336538461 0.4123711346153846 0.6269250336538461 0.4091494855769231 0.6233062043269231 0.3753221658653846 0.6064183173076922 0.4123711346153846 0.6076245913461539 0.4461984543269231 0.6136559807692308 0.5009664951923077 0.6233062043269231 0.5557345360576923 0.6546694254807692 0.6282216490384616 0.6667322019230769 0.6588273197115384 0.6667322019230769 0.6733247427884615 0.6751761466346153 0.6394974230769231 0.6631133701923078 0.6153350504807692 0.6450192043269231 0.5573453605769231 0.6414003701923078 0.5347938149038461 0.6317501466346154 0.5154639182692308 0.6257187596153847 0.46230670192307693 0.6269250336538461 0.4123711346153846
5 0.6160685360576923 0.5831185576923077 0.6052120384615385 0.5460695865384616 0.602799483173077 0.5251288653846153 0.5991806490384616 0.4590850504807692 0.5991806490384616 0.42203608173076923 0.5991806490384616 0.39513178846153846 0.5834990384615385 0.4349226802884615 0.5847053173076924 0.50579896875 0.5919429807692308 0.5557345360576923 0.5955618149038462 0.5976159783653846 0.6040057596153846 0.6459407211538462 0.6148622596153847 0.6813788653846153 0.634162701923077 0.7184278341346153 0.6450192043269231 0.7184278341346153 0.6426066490384615 0.6733247427884615 0.6293375913461539 0.6443298966346155 0.6160685360576923 0.5831185576923077
5 0.5666111514423077 0.5235180408653846 0.5654048725961538 0.48646907211538465 0.56419859375 0.4461984543269231 0.5762613701923077 0.42042525721153845 0.5847053173076924 0.3946520625 0.5989872403846154 0.33344072115384615 0.5798802043269231 0.35115979326923075 0.57505509375 0.36082474278846155 0.5605797596153846 0.39143041346153845 0.5557546490384616 0.42364690625 0.558167204326923 0.44780927884615385 0.5593734831730769 0.48002577403846153 0.5617860384615384 0.5122422692307692 0.5654048725961538 0.5621778341346154 0.5654048725961538 0.6088917524038462 0.5678174254807693 0.66204896875 0.5743165552884615 0.6743438341346154 0.5678174254807693 0.6266108245192308 0.5678174254807693 0.5927835048076923 0.5702299807692308 0.5621778341346154 0.5666111514423077 0.5235180408653846
3 0.2590103197115385 0.57989690625 0.28072331971153847 0.6443298966346155 0.30605515384615384 0.50579896875 0.3564679350961538 0.42203608173076923 0.36154393028846155 0.43170103125 0.35671881971153846 0.39626288701923074 0.34465604326923077 0.4123711346153846 0.31088026682692305 0.4703608245192308 0.2590103197115385 0.57989690625
3 0.23005965625000002 0.5927835048076923 0.24936010096153846 0.5283505144230769 0.27469193509615386 0.4590850504807692 0.3178578966346154 0.39304123798076923 0.3132928221153846 0.38498711298076926 0.29640493028846154 0.3994845360576923 0.2771044855769231 0.4123711346153846 0.24936010096153846 0.45425257692307697 0.22282198798076921 0.4913015456730769 0.1950776033653846 0.5235180408653846 0.18663365625 0.5863402067307693 0.1926650456730769 0.6427190721153846 0.21920315384615385 0.631443298076923 0.23005965625000002 0.5927835048076923
3 0.16612693509615387 0.5863402067307693 0.17939598798076922 0.5202963918269231 0.20231526682692308 0.4784149495192308 0.24908376442307695 0.3994845360576923 0.2457412668269231 0.3994845360576923 0.20472782211538462 0.42203608173076923 0.16853949038461538 0.4671391754807692 0.14079510096153847 0.5525128870192307 0.15406415865384615 0.6088917524038462 0.16612693509615387 0.5863402067307693
5 0.5364542043269231 0.45103092788461535 0.5400730384615385 0.4091494855769231 0.5400730384615385 0.38981958653846155 0.5591706370192308 0.3431056706730769 0.5509295360576923 0.3350515456730769 0.5268039855769231 0.3753221658653846 0.50991609375 0.4429768052884615 0.5171537596153846 0.5525128870192307 0.5171537596153846 0.5943943293269232 0.5159474831730769 0.6636597932692307 0.5292165360576923 0.6668814423076923 0.5340416490384615 0.6588273197115384 0.5328353701923076 0.6153350504807692 0.5328353701923076 0.58795103125 0.5328353701923076 0.5428479374999999 0.5328353701923076 0.5251288653846153 0.5328353701923076 0.4784149495192308 0.5364542043269231 0.45103092788461535
5 0.49302820432692307 0.67010309375 0.49061564903846155 0.5815077307692308 0.4857905408653846 0.42364690625 0.5121146514423077 0.3414948461538462 0.4978533173076923 0.3318298966346154 0.4749340384615385 0.38498711298076926 0.4689026514423077 0.4397551538461538 0.467696375 0.47680412259615385 0.4689026514423077 0.5074097932692307 0.4689026514423077 0.5380154639423077 0.4689026514423077 0.5766752572115385 0.47252148317307696 0.6201675264423077 0.49182192548076925 0.7168170096153846 0.49302820432692307 0.67010309375
5 0.4315080432692308 0.5315721658653846 0.43633315144230767 0.47680412259615385 0.45322103846153844 0.4558634014423077 0.4710914855769231 0.3785438149038462 0.4568398725961539 0.3785438149038462 0.42185781971153846 0.4558634014423077 0.4158264278846154 0.4977448461538462 0.41462015144230774 0.51385309375 0.41462015144230774 0.5476804134615384 0.41341387259615386 0.5782860817307692 0.42668293028846155 0.6813788653846153 0.42668293028846155 0.7087628870192308 0.44960220913461535 0.7168170096153846 0.44960220913461535 0.713595360576923 0.4327143173076923 0.6749355673076922 0.4278892091346154 0.6523840216346154 0.42306409615384616 0.5992268052884615 0.4315080432692308 0.5315721658653846
5 0.3832569302884616 0.5782860817307692 0.3832569302884616 0.5251288653846153 0.3941134278846154 0.4913015456730769 0.41220759375000005 0.42686855769230764 0.4073824855769231 0.4284793822115385 0.3941134278846154 0.4590850504807692 0.3796380961538462 0.4961340216346154 0.36878159855769227 0.5412371129807693 0.3555125408653846 0.5863402067307693 0.34586231971153847 0.6523840216346154 0.35309998798076925 0.6894329903846154 0.3639564855769231 0.6974871129807692 0.36878159855769227 0.6846005144230769 0.37119415384615384 0.6330541225961538 0.3796380961538462 0.5960051538461538 0.3832569302884616 0.5782860817307692
5 0.30484887740384614 0.6862113413461538 0.3096739879807692 0.6491623701923076 0.3181179302884616 0.6088917524038462 0.3277681538461538 0.5686211346153847 0.3410372091346154 0.5299613413461539 0.3611260072115385 0.47929011778846153 0.34465604326923077 0.5025773197115385 0.32053048557692304 0.5509020625000001 0.3096739879807692 0.5766752572115385 0.3036425985576923 0.6072809278846154 0.3012300432692308 0.6652706177884615 0.30484887740384614 0.6862113413461538