2 0.6494561370192307 0.8031746033653846 0.6875423461538461 0.7539682524038462 0.7319762572115385 0.7285714254807693 0.7462585865384616 0.7 0.7174083774038462 0.6741805336538461 0.6145437788461539 0.7539682524038462 0.5574144663461539 0.7888888894230769 0.5161544038461539 0.8285714254807692 0.509806701923077 0.8825396850961538 0.5780444927884616 0.8761904759615384 0.6494561370192307 0.8031746033653846
2 0.6256522572115385 0.6523809519230769 0.673260016826923 0.6222222211538462 0.7097593028846153 0.611111110576923 0.7240416322115385 0.611111110576923 0.7319762572115385 0.5222222211538461 0.7018246754807692 0.5142857163461538 0.6764338701923076 0.5285714254807693 0.6288261057692307 0.6 0.5828052716346154 0.6285714254807692 0.5431321370192308 0.6492063509615384 0.5177413293269231 0.6857142836538461 0.48124204326923076 0.7444444447115385 0.4320473605769231 0.7857142836538462 0.4193519567307692 0.83174603125 0.43680813221153847 0.8539682524038461 0.43522120913461537 0.8476190480769231 0.4653727908653846 0.7873015865384616 0.5415452091346153 0.7333333341346153 0.5843921947115385 0.69523809375 0.6256522572115385 0.6523809519230769
2 0.5970876009615385 0.53174603125 0.6684992451923077 0.5 0.6891292716346153 0.47142857451923076 0.6653253918269232 0.4444444447115385 0.6208914807692308 0.4523809519230769 0.5685229423076923 0.5 0.56534909375 0.5142857163461538 0.59391375 0.5492063509615385 0.5970876009615385 0.53174603125
2 0.4558512403846154 0.6349206346153846 0.4606120168269231 0.6269841298076924 0.4434275769230769 0.611111110576923 0.39713499999999996 0.6523809519230769 0.3733311201923077 0.6920634927884616 0.37174419230769234 0.70476190625 0.4558512403846154 0.6349206346153846
2 0.5859791201923077 0.4031746033653846 0.5256759567307692 0.41904761778846156 0.4574381634615384 0.4365079375 0.40189577884615385 0.4619047596153846 0.36698341826923075 0.49682539663461533 0.33841875961538465 0.5285714254807693 0.2955717740384615 0.579365079326923 0.32413643028846156 0.5984126971153846 0.32889720913461534 0.611111110576923 0.36857034134615385 0.5539682524038462 0.41617810576923076 0.53174603125 0.43522120913461537 0.5269841298076924 0.4510904615384615 0.5206349206730769 0.43680813221153847 0.5190476177884615 0.4891766706730769 0.4920634927884615 0.5558275384615384 0.45555555528846153 0.6097830048076923 0.4253968269230769 0.6478279951923077 0.42246959615384616 0.6129568533653846 0.40793650721153846 0.5859791201923077 0.4031746033653846
2 0.3336579831730769 0.4634920625 0.3892003725961538 0.4301587283653846 0.43363428365384615 0.40793650721153846 0.5590013918269231 0.35873016105769234 0.5764575697115385 0.33333333413461536 0.5558275384615384 0.3349206346153846 0.5225021057692307 0.3396825384615385 0.4431558365384615 0.3492063509615385 0.40665655048076926 0.3761904759615385 0.2971586971153846 0.4333333341346154 0.28605022115384615 0.45079364903846153 0.2765286706730769 0.4539682524038462 0.29081100000000004 0.46984127163461537 0.3336579831730769 0.4634920625
2 0.3130279567307692 0.3666666658653846 0.25748556490384616 0.3634920625 0.2320947596153846 0.4 0.2463770889423077 0.4 0.22574705769230768 0.40952380769230773 0.28922407211538464 0.3936507956730769 0.3130279567307692 0.3666666658653846
2 0.509806701923077 0.3031746033653846 0.46378586778846154 0.27777777884615384 0.42093887980769235 0.2968253966346154 0.36698341826923075 0.3206349206730769 0.36380956490384614 0.3238095240384615 0.40348270192307695 0.3349206346153846 0.45267738701923077 0.3158730168269231 0.49869822596153845 0.3079365072115384 0.509806701923077 0.3031746033653846
2 0.41776503125000003 0.2571428581730769 0.3939611514423077 0.23650793750000002 0.34159260817307696 0.23968253846153847 0.2939848485576923 0.2619047596153846 0.24955093750000001 0.3031746033653846 0.1813131466346154 0.3619047596153846 0.2447901610576923 0.3523809519230769 0.2765286706730769 0.3301587283653846 0.3082671778846154 0.30952380769230764 0.3336579831730769 0.2984126971153846 0.35111416346153845 0.3031746033653846 0.3939611514423077 0.29365079567307695 0.41776503125000003 0.2571428581730769
2 0.22733398317307693 0.22380952403846152 0.13687923557692308 0.29523809375 0.12894460817307693 0.3349206346153846 0.1559223389423077 0.39523809375 0.16703081730769231 0.3698412716346154 0.17655236778846153 0.3269841298076923 0.19083469711538464 0.3 0.21939935576923078 0.26825396874999996 0.2654201923076923 0.23492063461538462 0.30033255048076923 0.21111111057692306 0.28922407211538464 0.21269841346153845 0.2622463413461538 0.21428571634615384 0.22733398317307693 0.22380952403846152
2 0.06705451442307692 0.3063492043269231 0.0972060985576923 0.3079365072115384 0.14481386298076923 0.25396825240384613 0.18448699519230768 0.21746031490384615 0.2035301033653846 0.19523809375 0.20215773798076922 0.1888888894230769 0.17020466586538463 0.1904761923076923 0.14005308413461537 0.1904761923076923 0.07181529326923076 0.2968253966346154 0.06705451442307692 0.3063492043269231