3 0.09119805048076923 0.2442944375 0.08478246153846153 0.40983606490384616 0.148938375 0.44840887500000004 0.23982592067307693 0.2266152355769231 0.21416355528846154 0.13339762259615384 0.15749249759615386 0.14143362259615386 0.17246221153846156 0.13179042067307692 0.1532154375 0.13982642067307693 0.09119805048076923 0.2442944375
3 0.3296441995192308 0.31179685336538465 0.3103974254807692 0.35036965625000005 0.2997047740384616 0.39697846394230774 0.28687359375 0.4275152668269231 0.2654882884615385 0.46769527403846156 0.2580034302884615 0.5046608798076924 0.24838004326923077 0.5480552884615385 0.2644190216346154 0.6059144975961538 0.3264364038461538 0.6059144975961538 0.3178822836538462 0.5850208966346154 0.27938873557692306 0.5014464807692307 0.29115065144230773 0.4934104807692308 0.29008138461538463 0.45162327403846153 0.35530656730769233 0.3760848581730769 0.41518542067307695 0.2603664423076923 0.36172215625 0.2587592403846154 0.3563758317307692 0.27000964423076923 0.3456831778846154 0.28929604326923075 0.3296441995192308 0.31179685336538465
3 0.5402894543269231 0.3841208629807692 0.5402894543269231 0.25554484134615385 0.5007266394230769 0.2266152355769231 0.41518542067307695 0.31340404807692307 0.40235423557692307 0.4982320817307692 0.46009456009615385 0.560912891826923 0.5402894543269231 0.3841208629807692
3 0.3820381971153846 0.47251687500000006 0.38952305528846154 0.40983606490384616 0.39700791346153846 0.33590485336538467 0.3071896298076923 0.4419800721153846 0.3050511009615385 0.5464480865384616 0.33178273076923076 0.6348441033653847 0.3820381971153846 0.47251687500000006
3 0.6429389158653845 0.08036001201923078 0.6033761009615385 0.09161041586538461 0.58092153125 0.12536161778846153 0.5606054951923076 0.1960784326923077 0.5723674110576923 0.2523304423076923 0.5606054951923076 0.3519768581730769 0.6076531634615384 0.4066216658653846 0.6632549567307693 0.4853744759615385 0.7028177716346153 0.41787206490384615 0.6878480576923077 0.39697846394230774 0.6653934879807692 0.31661844711538467 0.6686012836538461 0.2266152355769231 0.6538602956730769 0.09643201682692307 0.6504237740384615 0.09643201682692307 0.6301077355769231 0.1526840216346154 0.6429389158653845 0.08036001201923078
3 0.6910558509615385 0.16714882451923077 0.6728783413461539 0.2442944375 0.6846402620192307 0.33590485336538467 0.715648951923077 0.36162006009615383 0.7787356033653846 0.28768884615384616 0.8279218028846155 0.18964962740384614 0.8300603341346153 0.06107361298076923 0.8086750288461538 0.06107361298076923 0.7862204591346154 0.10446801682692307 0.6987800793269231 0.06107361298076923 0.6760861370192307 0.12214721875 0.6782246682692308 0.1542912235576923 0.6910558509615385 0.16714882451923077
3 0.6183458149038461 0.639665704326923 0.6867787932692307 0.6107360985576923 0.7466576442307692 0.5930568966346154 0.807605764423077 0.5014464807692307 0.8856621274038462 0.4821600769230769 0.9519565697115385 0.3439408533653846 0.8781772692307693 0.28929604326923075 0.850376375 0.3021536514423077 0.7915667860576924 0.31501125240384614 0.7423805865384616 0.4066216658653846 0.6343847956730768 0.5448408846153846 0.6429389158653845 0.5432336875 0.6204843461538462 0.576984891826923 0.6183458149038461 0.639665704326923
3 0.4686486826923077 0.666988108173077 0.5146270865384616 0.6428801033653847 0.5424279855769231 0.5898424927884616 0.5755752067307692 0.5721632884615384 0.538150923076923 0.5094824807692308 0.538150923076923 0.5143040817307692 0.3371290576923077 0.6525233052884616 0.3692070144230769 0.6798457115384615 0.4269473389423077 0.6894889134615384 0.4686486826923077 0.666988108173077
3 0.24731077884615382 0.7232401153846154 0.18648061538461538 0.7537769182692308 0.23875665384615383 0.8855673437499999 0.3649299519230769 0.9016393437500001 0.26121122596153845 0.8036001322115385 0.24731077884615382 0.7232401153846154
3 0.34354464663461537 0.8341369350961538 0.37883040384615385 0.8694953389423077 0.39700791346153846 0.8212793341346154 0.4494019086538461 0.8116361322115384 0.46116382451923077 0.8212793341346154 0.5071422331730769 0.8421729350961538 0.5467050432692308 0.7585985192307692 0.5616747596153846 0.710382514423077 0.5210426802884616 0.7135969134615384 0.5028651706730769 0.7200257163461538 0.42480880769230767 0.7602057211538462 0.34782170913461535 0.7730633221153845 0.3414061201923077 0.7746705240384616 0.32429787259615384 0.8100289278846154 0.34354464663461537 0.8341369350961538
3 0.5360123918269231 0.9096753437499999 0.5777137379807692 0.9498553485576923 0.7124411562499999 0.8871745408653846 0.7648351538461539 0.8019929278846154 0.7434498509615385 0.7232401153846154 0.7145796875 0.666988108173077 0.6760861370192307 0.6750241081730769 0.6514930408653845 0.7184185144230769 0.5595362283653846 0.8084217259615385 0.5370816586538462 0.8309225360576923 0.5360123918269231 0.8711025408653845 0.5360123918269231 0.9096753437499999
3 0.4943110480769231 0.8887817427884616 0.47613353846153844 0.8486017379807692 0.39807717548076926 0.8662809399038461 0.39059231971153846 0.900032141826923 0.44833264423076924 0.9096753437499999 0.4943110480769231 0.8887817427884616