3 0.8682193004807692 0.2750965240384616 0.8565103629807692 0.2767052740384615 0.8457021129807691 0.27187902403846154 0.7907601826923076 0.44079793990384614 0.8060718701923076 0.5630630649038462 0.8222842427884616 0.5984556009615385 0.8420993677884615 0.4906692379807692 0.866417923076923 0.4118404110576923 0.881729610576923 0.32175032211538457 0.8682193004807692 0.2750965240384616
3 0.7439244399038463 0.4826254831730769 0.7484278774038462 0.44079793990384614 0.7907601826923076 0.42631917788461543 0.796164310096154 0.41827541586538464 0.8231849302884615 0.32014157211538463 0.8265127956730769 0.23949357211538463 0.8078732427884615 0.22522522596153843 0.8051711826923077 0.2316602331730769 0.7979656826923077 0.25096525000000003 0.7709450625 0.3233590721153846 0.7520306274038462 0.3555341081730769 0.7367189399038462 0.4102316610576923 0.7178045072115384 0.4665379639423077 0.7205065673076922 0.498713 0.7439244399038463 0.4826254831730769
3 0.7844553725961538 0.2171814639423077 0.7916608701923077 0.1962676971153846 0.7826539975961538 0.1673101658653846 0.7277120673076923 0.22039897115384616 0.6943866322115385 0.3056628028846154 0.6745715096153847 0.38770913701923077 0.6610611995192308 0.4118404110576923 0.660160514423077 0.45045045192307687 0.6763728870192308 0.4552767019230769 0.6898831971153846 0.43436293509615387 0.6997907572115385 0.4327541850961539 0.7133010697115385 0.4391891899038462 0.7439244399038463 0.35875160817307694 0.7763491874999999 0.2541827548076923 0.7844553725961538 0.2171814639423077
3 0.6727701370192307 0.7754182740384615 0.6583591370192308 0.7239382259615385 0.6303068701923077 0.6998069519230768 0.5655883365384615 0.8992921490384614 0.6025165192307692 0.9459459471153846 0.6259343942307692 0.9057271538461538 0.6466502043269231 0.8848133870192308 0.6727701370192307 0.7754182740384615
3 0.7412223774038461 0.8864221370192307 0.768243 0.8188545721153846 0.7520306274038462 0.8043758028846154 0.6952873197115385 0.7850707860576923 0.6682666995192308 0.8510296009615386 0.6655646370192307 0.894465891826923 0.6754721995192308 0.9089446610576922 0.7105990072115385 0.9491634471153846 0.7412223774038461 0.8864221370192307
3 0.6277357668269231 0.624195625 0.6241330168269231 0.5855855841346154 0.6140906538461539 0.5357142860576923 0.50794434375 0.75289575 0.49083128365384615 0.8462033461538462 0.5187525937499999 0.8880308870192307 0.5439718389423077 0.8638996129807693 0.5818007091346155 0.8252895769230769 0.6061192692307692 0.7239382259615385 0.6277357668269231 0.6708494230769231 0.6277357668269231 0.624195625
3 0.50794434375 0.7271557259615384 0.5331635889423076 0.6547619038461538 0.579856420673077 0.5614543100961538 0.5529787139423077 0.5566280600961538 0.5304615288461538 0.5148005120192308 0.45570447596153846 0.6644144158653845 0.4007625432692308 0.7722007740384615 0.3791460456730769 0.7705920168269231 0.35572817548076924 0.8075933100961539 0.3629336730769231 0.894465891826923 0.4358893533653846 0.8687258701923077 0.50794434375 0.7271557259615384
3 0.6484515769230769 0.22039897115384616 0.6394447043269231 0.23005148317307694 0.6366131754807692 0.2461389951923077 0.6619618870192308 0.3040540528846154 0.6538556995192307 0.35070785096153845 0.630437829326923 0.3555341081730769 0.6097220192307693 0.3651866129807692 0.6457495144230769 0.3812741298076923 0.6835783870192308 0.2831402860576923 0.6916845697115386 0.23809523798076923 0.6853797596153846 0.17696267788461537 0.6736708245192309 0.16409266586538462 0.6484515769230769 0.22039897115384616
3 0.45390310096153846 0.5936293461538461 0.50344090625 0.5244530240384615 0.52595809375 0.4729729711538461 0.4881292235576923 0.5131917620192308 0.42418041586538463 0.5566280600961538 0.39265636057692305 0.6177606201923077 0.3494233629807692 0.7110682091346153 0.3521254254807692 0.7287644759615385 0.4007625432692308 0.6611969110576923 0.45390310096153846 0.5936293461538461
3 0.5115470937500001 0.47779922596153845 0.51785190625 0.4536679519230769 0.49787443750000004 0.4391891899038462 0.47191685096153846 0.4456241971153846 0.4484989759615384 0.4295366778846154 0.37013917307692307 0.50032175 0.3341116754807692 0.5662805649038462 0.37734467307692304 0.5373230360576924 0.4611086009615385 0.50032175 0.5115470937500001 0.47779922596153845
3 0.6466502043269231 0.08204633413461539 0.5700917740384616 0.22844272596153845 0.5637869639423078 0.2750965240384616 0.5753519134615385 0.28153152884615384 0.5980130841346154 0.23970398798076922 0.6277357668269231 0.252574 0.6529550144230769 0.20109395192307694 0.6538556995192307 0.16409266586538462 0.6817770096153846 0.1287001298076923 0.6466502043269231 0.08204633413461539
3 0.5718931490384616 0.00160875 0.5007388461538461 0.13996139182692308 0.5304615288461538 0.18822393990384614 0.5520780264423076 0.18822393990384614 0.5538793990384615 0.18339768509615384 0.5772972740384615 0.1689189158653846 0.644848826923077 0.016087516826923078 0.6367426394230769 0.0032175048076923075 0.5718931490384616 0.00160875
3 0.33861511778846154 0.4906692379807692 0.4178756057692308 0.41827541586538464 0.4312077692307692 0.40701415384615386 0.4016632331730769 0.3378378389423077 0.39806048317307696 0.3281853269230769 0.3476219903846154 0.41666666586538464 0.26746081009615386 0.5469755480769231 0.25214912740384615 0.5598455600961538 0.33861511778846154 0.4906692379807692
3 0.4142728557692308 0 0.3863515456730769 0.07400257211538462 0.3025876201923077 0.22844272596153845 0.20351200721153845 0.47458172596153847 0.16928588701923075 0.5791505769230769 0.1791934471153846 0.625804375 0.2125188798076923 0.6225868750000001 0.24494362740384615 0.5646718149038461 0.2980841826923077 0.4375804399038462 0.3656357355769231 0.2847490360576923 0.4744510144230769 0.022522524038461538 0.4764202860576923 0 0.4142728557692308 0
3 0.3521254254807692 0.7239382259615385 0.37824536057692304 0.6209781201923078 0.3935570456730769 0.5614543100961538 0.3269061802884616 0.6354568870192308 0.2998855576923077 0.6788931778846153 0.3169986177884615 0.7368082379807692 0.3521254254807692 0.7239382259615385