3 0.8450300480769232 0.7650273221153847 0.8792465336538461 0.7248473173076923 0.9006318389423077 0.6782385072115384 0.9006318389423077 0.6509161033653845 0.8717616802884615 0.6525233052884616 0.847168579326923 0.6846673125 0.8065364975961539 0.7457409182692308 0.8118828245192307 0.7569913221153846 0.8182984182692308 0.7955641250000001 0.8450300480769232 0.7650273221153847
3 0.7979823774038461 0.7360977163461538 0.8033287019230768 0.7007393125000001 0.8236447427884616 0.66538090625 0.838614454326923 0.6252009014423077 0.8236447427884616 0.639665704326923 0.807605764423077 0.6718097043269231 0.7840819278846154 0.710382514423077 0.7659044182692308 0.7521697211538462 0.7723200120192307 0.7762777259615384 0.8033287019230768 0.777884923076923 0.8022594375000001 0.7746705240384616 0.7947745817307692 0.7489553221153845 0.7979823774038461 0.7360977163461538
3 0.710302625 0.7409193173076923 0.717787483173077 0.7907425240384616 0.7359649927884615 0.8164577331730769 0.7723200120192307 0.8036001322115385 0.7744585408653847 0.7955641250000001 0.7680429495192308 0.7987785312500001 0.7434498509615385 0.7489553221153845 0.7391727884615384 0.7200257163461538 0.7413113197115385 0.6621665072115385 0.7413113197115385 0.6467833052884615 0.7381035240384615 0.6605593052884615 0.7338264615384615 0.6927033125000001 0.710302625 0.7409193173076923
1 0.7306186658653846 0.6091288966346153 0.7445191153846153 0.57859209375 0.7541425024038462 0.5721632884615384 0.7648351538461539 0.576984891826923 0.7894282548076923 0.57859209375 0.8118828245192307 0.5448408846153846 0.8321988653846154 0.4918032788461538 0.8001209086538462 0.46769527403846156 0.7862204591346154 0.4789456778846154 0.7509347043269231 0.5384120865384616 0.717787483173077 0.5689488918269231 0.6985407091346154 0.6059144975961538 0.7028177716346153 0.6252009014423077 0.7092333605769231 0.6428801033653847 0.715648951923077 0.6525233052884616 0.7199260144230769 0.6300225024038462 0.7306186658653846 0.6091288966346153
1 0.6579086298076924 0.6139504975961538 0.6482852427884616 0.6444873004807692 0.62903846875 0.7119897163461538 0.6547008317307692 0.7441337211538461 0.6974714447115384 0.7425265192307692 0.7038870360576923 0.710382514423077 0.7017485048076922 0.6782385072115384 0.6835709951923078 0.6364513004807691 0.6814324663461538 0.6252009014423077 0.6814324663461538 0.5930568966346154 0.6782246682692308 0.5898424927884616 0.6579086298076924 0.6139504975961538
1 0.8407529855769231 0.47573127884615385 0.8375451899038461 0.4982320817307692 0.8343373966346154 0.5641272884615385 0.8364759278846154 0.6043072956730768 0.853584170673077 0.6123433004807692 0.8717616802884615 0.6123433004807692 0.8728309447115384 0.6123433004807692 0.8835235961538461 0.6187720985576923 0.8845928629807692 0.6123433004807692 0.8856621274038462 0.576984891826923 0.8803158004807692 0.5319832836538462 0.8664153533653847 0.4853744759615385 0.8407529855769231 0.47573127884615385
1 0.6236921418269231 0.4885888798076923 0.6108609591346154 0.5223400817307693 0.6044453677884616 0.560912891826923 0.5980297788461538 0.6139504975961538 0.5937527163461538 0.6718097043269231 0.6108609591346154 0.6782385072115384 0.627969204326923 0.6509161033653845 0.6397311201923077 0.6203793004807692 0.6482852427884616 0.588235295673077 0.6482852427884616 0.560912891826923 0.6504237740384615 0.5287688846153846 0.6568393629807693 0.5014464807692307 0.675016872596154 0.4580520721153846 0.6752506682692307 0.42430086778846154 0.6696705480769231 0.42430086778846154 0.6547008317307692 0.44358727403846154 0.6236921418269231 0.4885888798076923
3 0.5659518173076923 0.5496624855769231 0.5948219807692308 0.4773384759615385 0.6044453677884616 0.4387656730769231 0.6268999375 0.3953712620192308 0.6664627524038462 0.41626486778846156 0.7028177716346153 0.4082288629807692 0.715648951923077 0.35036965625000005 0.6985407091346154 0.33269045432692307 0.6354540576923077 0.33590485336538467 0.6119302259615385 0.36644166105769227 0.5926834519230769 0.4066216658653846 0.5734366754807693 0.44358727403846154 0.5541899014423077 0.4869816778846153 0.5392201899038461 0.5512696875 0.5434972499999999 0.6027000985576924 0.5531206370192308 0.5898424927884616 0.5531206370192308 0.5850208966346154 0.5659518173076923 0.5496624855769231
1 0.49003398557692307 0.5400192836538461 0.4868261923076923 0.5175184807692308 0.48789545913461535 0.49019607692307693 0.49324178125 0.4548376730769231 0.5648825528846154 0.35036965625000005 0.5573976971153847 0.3407264543269231 0.5467050432692308 0.35036965625000005 0.5007266394230769 0.3809064591346154 0.48361839663461537 0.4050144639423077 0.4515404399038462 0.4596592740384615 0.4301551346153846 0.5255544855769231 0.44191705048076924 0.5512696875 0.4964495793269231 0.5593056875 0.49538031250000003 0.5576984927884616 0.4943110480769231 0.5480552884615385 0.49003398557692307 0.5400192836538461
1 0.42373954086538457 0.5207328846153846 0.43229366586538465 0.4918032788461538 0.4504711754807692 0.4660880769230769 0.4547482331730769 0.4146576658653846 0.4868261923076923 0.3519768581730769 0.4793413341346154 0.33269045432692307 0.46437162259615383 0.33429765625 0.4461941129807692 0.3567984591346154 0.4344321923076923 0.3905496610576923 0.4077005625 0.4419800721153846 0.39059231971153846 0.46769527403846156 0.36813775000000004 0.5368048846153847 0.34461391346153847 0.6187720985576923 0.37027627884615383 0.6444873004807692 0.41518542067307695 0.6332369014423077 0.4697179495192308 0.6075216995192307 0.4739950072115385 0.5850208966346154 0.46009456009615385 0.5850208966346154 0.44084778605769226 0.5689488918269231 0.44084778605769226 0.5850208966346154 0.43122439903846155 0.5737704927884615 0.42373954086538457 0.5207328846153846
2 0.5295968004807692 0.3214400480769231 0.6151380216346154 0.2909032451923077 0.6097916947115385 0.27000964423076923 0.5766444735576923 0.26840244230769233 0.5392201899038461 0.2732240432692308 0.5178348846153846 0.30697525240384615 0.5223094903846154 0.3294760552884615 0.5210426802884616 0.3407264543269231 0.5263890048076922 0.3294760552884615 0.5295968004807692 0.3214400480769231
2 0.39807717548076926 0.44358727403846154 0.4355014591346154 0.39215686298076924 0.44191705048076924 0.3600128581730769 0.4846876610576923 0.2539376394230769 0.49751884375 0.23143683653846156 0.5573976971153847 0.23143683653846156 0.5990990408653846 0.2041144326923077 0.5980297788461538 0.1607200264423077 0.5659518173076923 0.1607200264423077 0.5274582692307692 0.18000642548076923 0.4665101538461538 0.22340083653846154 0.4461941129807692 0.2523304423076923 0.4269473389423077 0.29251044711538465 0.41197762499999996 0.3439408533653846 0.3938001153846154 0.3953712620192308 0.37989966586538465 0.4500160721153846 0.38096893028846157 0.4548376730769231 0.37989966586538465 0.45644487499999997 0.39059231971153846 0.4580520721153846 0.39807717548076926 0.44358727403846154