3 0.3944853677884615 0.07714561298076922 0.39983169471153845 0.06268080769230769 0.3976931634615385 0.04982320673076923 0.36561520432692307 0.032144004807692306 0.3431606370192308 0.05625201201923077 0.2790047211538461 0.09321761778846153 0.25227309134615383 0.11571842067307693 0.23409558173076925 0.18161362740384618 0.2266107235576923 0.20572163461538462 0.28221251682692305 0.2523304423076923 0.3142904735576923 0.2860816442307692 0.33567577884615385 0.23465123557692308 0.3613381466346154 0.1526840216346154 0.3773771225961538 0.13500481971153847 0.3944853677884615 0.07714561298076922
3 0.2864895793269231 0.49983927884615387 0.31108267548076923 0.4050144639423077 0.3207060649038462 0.36644166105769227 0.32498312740384616 0.3551912572115385 0.2554808846153846 0.2764384423076923 0.24272890625 0.26685477163461535 0.21377954086538462 0.3487624543269231 0.18918643990384615 0.3728704591346154 0.20308688701923078 0.41787206490384615 0.24692676442307693 0.47251687500000006 0.2864895793269231 0.49983927884615387
3 0.4276325889423077 0.4001928629807692 0.41907846875000004 0.39697846394230774 0.3773771225961538 0.37929926201923075 0.35599181730769225 0.36162006009615383 0.35385328846153846 0.3632272572115385 0.3613381466346154 0.3728704591346154 0.36561520432692307 0.4034072620192308 0.3613381466346154 0.4226936658653846 0.3100134110576923 0.5143040817307692 0.2971822283653846 0.5528768918269231 0.3260523918269231 0.5753776947115384 0.3485069591346154 0.5689488918269231 0.37523859375 0.5303760865384615 0.38913904086538464 0.4885888798076923 0.4083858149038461 0.43715846875 0.4276325889423077 0.4001928629807692
3 0.48109585096153845 0.4194792668269231 0.4704031995192308 0.4066216658653846 0.4648562836538461 0.40983606490384616 0.4575720144230769 0.4773384759615385 0.4276325889423077 0.5255544855769231 0.4009009591346154 0.5818064927884615 0.3902083052884615 0.6043072956730768 0.3934161009615385 0.6444873004807692 0.4137321418269231 0.6219864975961538 0.4287018533653846 0.5818064927884615 0.46398760817307694 0.5400192836538461 0.4875114447115385 0.5014464807692307 0.50248115625 0.4853744759615385 0.5099660144230769 0.46126647596153847 0.48109585096153845 0.4194792668269231
3 0.5441825024038461 0.655737704326923 0.5602214807692307 0.58662809375 0.5794682548076924 0.5351976826923077 0.5794682548076924 0.5271616826923077 0.5559444182692308 0.49662487980769227 0.5474758365384615 0.5058823557692308 0.5153123389423077 0.5753776947115384 0.4864421778846154 0.6075216995192307 0.44687936298076925 0.6589521033653847 0.4287018533653846 0.6814529062500001 0.4554334879807692 0.6991321081730769 0.49713482932692304 0.7232401153846154 0.5227971971153846 0.7377049182692308 0.5441825024038461 0.655737704326923
3 0.5826760504807692 0.6750241081730769 0.5655678076923076 0.6862745072115385 0.5591522139423077 0.6878817115384616 0.5388361754807692 0.7377049182692308 0.5195893990384616 0.7730633221153845 0.5281435240384615 0.7939569278846155 0.588022375 0.8212793341346154 0.5965764975961538 0.8068145312499999 0.6275851899038462 0.7087753125 0.6404163701923077 0.6782385072115384 0.6671480048076923 0.6300225024038462 0.6660787379807692 0.6107360985576923 0.6201003341346154 0.5801992956730769 0.6083384134615385 0.58662809375 0.5987150288461538 0.6573449062500001 0.5826760504807692 0.6750241081730769
3 0.7216805312500001 0.666988108173077 0.7024337572115384 0.6589521033653847 0.7002952259615385 0.6509161033653845 0.6671480048076923 0.7184185144230769 0.6521782908653846 0.7762777259615384 0.6254466586538462 0.8261009350961538 0.5976457644230769 0.8453873341346154 0.5816067860576923 0.900032141826923 0.6072691490384615 0.9096753437499999 0.6233081274038461 0.9257473485576924 0.630792985576923 0.9434265528846153 0.6521782908653846 0.8887817427884616 0.6724943317307692 0.8373513341346153 0.6896025745192307 0.7810993221153846 0.7088493485576923 0.7409193173076923 0.7174034687499999 0.7248473173076923 0.7313039158653846 0.7071681153846154 0.7345117115384615 0.6894889134615384 0.7216805312500001 0.666988108173077
3 0.7676589350961538 0.7650273221153847 0.7676589350961538 0.8019929278846154 0.76552040625 0.789135326923077 0.7494814254807692 0.8068145312499999 0.714195673076923 0.8711025408653845 0.6917411057692308 0.9064609447115385 0.6778406538461539 0.927354545673077 0.6746328629807692 0.9594985528846153 0.6906718389423077 0.9739633557692307 0.719542 0.9852137596153846 0.7355809783653846 0.9932497596153845 0.7548277524038463 0.9755705576923077 0.7762130576923076 0.9225329447115385 0.7890442403846154 0.8984249447115384 0.8286070552884616 0.8421729350961538 0.8221914663461539 0.8116361322115384 0.7804901201923078 0.7762777259615384 0.7676589350961538 0.7650273221153847
3 0.8970400288461539 0.5560912884615384 0.9002478245192307 0.5368048846153847 0.85747721875 0.4773384759615385 0.8425075024038461 0.5641272884615385 0.8275377884615385 0.6348441033653847 0.7826286514423076 0.6541305024038462 0.7591048149038462 0.6412729014423076 0.7387887740384615 0.6348441033653847 0.7355809783653846 0.666988108173077 0.7537584879807693 0.6878817115384616 0.7612433461538461 0.7184185144230769 0.7911827716346154 0.7569913221153846 0.8318148509615385 0.7827065240384615 0.8499923605769231 0.7827065240384615 0.854269420673077 0.7216329182692308 0.8649620721153847 0.6894889134615384 0.8852781129807692 0.6332369014423077 0.8884859086538461 0.6059144975961538 0.8970400288461539 0.5560912884615384
3 0.8392997091346154 0.33269045432692307 0.8168451370192307 0.31501125240384614 0.7954598317307693 0.3101896514423077 0.7826286514423076 0.3889424639423077 0.7676589350961538 0.46930247596153846 0.7462736322115385 0.5287688846153846 0.7355809783653846 0.58662809375 0.7345117115384615 0.588235295673077 0.7633818774038462 0.5978784975961539 0.7922520360576922 0.5978784975961539 0.8029446899038462 0.5544840865384615 0.80722175 0.5143040817307692 0.8179144038461538 0.4548376730769231 0.8318148509615385 0.39215686298076924 0.8392997091346154 0.33269045432692307
3 0.719542 0.5014464807692307 0.7216805312500001 0.42108646875000005 0.7366502427884616 0.35840565625000004 0.755765375 0.26358084134615384 0.7526892211538462 0.27000964423076923 0.7163342043269231 0.20732883173076924 0.7120571466346154 0.22340083653846154 0.7024337572115384 0.2667952403846154 0.6896025745192307 0.30697525240384615 0.6714250649038462 0.3632272572115385 0.6553860865384615 0.4146576658653846 0.6404163701923077 0.4789456778846154 0.6425549014423078 0.49983927884615387 0.6585938798076924 0.5448408846153846 0.6863947788461539 0.5834136947115385 0.6863947788461539 0.5625200865384615 0.719542 0.5014464807692307
3 0.6115462115384616 0.39376406490384613 0.63827784375 0.3246544543269231 0.6521782908653846 0.26840244230769233 0.6808990649038461 0.18161362740384618 0.6821177163461538 0.1783992283653846 0.6799791850961537 0.17197042548076924 0.6607324110576923 0.14946962259615384 0.63827784375 0.12696881971153845 0.6168925384615385 0.12375442067307693 0.6158232716346154 0.12536161778846153 0.6179618028846154 0.1285760216346154 0.6254466586538462 0.1848280264423077 0.6061998846153845 0.23947283653846155 0.595507233173077 0.2667952403846154 0.5826760504807692 0.3294760552884615 0.5505980913461539 0.4034072620192308 0.5516673557692308 0.4226936658653846 0.5837453173076923 0.4580520721153846 0.5944379663461539 0.4387656730769231 0.6115462115384616 0.39376406490384613
3 0.5377669086538461 0.32304725240384613 0.5559444182692308 0.2780456442307692 0.5719833966346154 0.23947283653846155 0.572877673076923 0.12375442067307693 0.5762604591346154 0.12536161778846153 0.5890916394230769 0.11732561778846154 0.5281435240384615 0.09964641586538461 0.5281435240384615 0.10607521875 0.5281435240384615 0.1783992283653846 0.5163816033653846 0.22500803846153847 0.4843036466346154 0.3246544543269231 0.47574952403846155 0.3551912572115385 0.49392703365384616 0.4082288629807692 0.5003426249999999 0.4018000649038462 0.5377669086538461 0.32304725240384613
3 0.45222568990384615 0.23786563942307692 0.45650275 0.1848280264423077 0.461849076923077 0.16714882451923077 0.47574952403846155 0.09964641586538461 0.4736109951923077 0.09321761778846153 0.4426023028846154 0.08839601682692308 0.4404637716346154 0.10125361778846154 0.43618671153846156 0.15750562259615386 0.42442479326923077 0.1848280264423077 0.40410875240384614 0.2266152355769231 0.38913904086538464 0.2539376394230769 0.36347667548076923 0.3101896514423077 0.35706108413461535 0.33269045432692307 0.4212169951923077 0.3567984591346154 0.4319096514423077 0.33269045432692307 0.43618671153846156 0.3101896514423077 0.44901789423076927 0.26518804326923073 0.45222568990384615 0.23786563942307692