1 0.6022677379807692 0.9487757740384615 0.6275995673076923 0.9503865985576923 0.7289268990384615 0.869845360576923 0.7482273437500001 0.8408505144230769 0.7976847331730769 0.7731958774038462 0.7988910120192307 0.7522551538461539 0.7614964014423078 0.7313144326923078 0.7542587331730769 0.7200386586538462 0.7434022355769231 0.7200386586538462 0.640868625 0.8166881442307693 0.6251870144230769 0.8505154639423077 0.6046802932692308 0.9165592788461538 0.6022677379807692 0.9487757740384615
1 0.8676488413461538 0.7522551538461539 0.8990120625 0.7119845360576923 0.9605322283653847 0.6733247427884615 0.9774201153846154 0.6443298966346155 0.9846577836538462 0.618556701923077 0.9581196706730769 0.5863402067307693 0.9520882860576924 0.5847293822115385 0.8869492860576924 0.6056701033653846 0.8471421201923076 0.6233891754807692 0.8037161201923078 0.6394974230769231 0.7747654567307692 0.6588273197115384 0.7976847331730769 0.7280927836538461 0.8266353966346155 0.7796391754807692 0.85679234375 0.7941365985576923 0.8676488413461538 0.7522551538461539
1 0.3320615216346154 0.6346649495192308 0.3525682427884615 0.7087628870192308 0.3875502980769231 0.6829896899038462 0.41167585336538465 0.6153350504807692 0.41891351682692307 0.5734536081730769 0.4551018485576923 0.5235180408653846 0.4671646298076923 0.5025773197115385 0.46475207451923073 0.4816365985576923 0.41891351682692307 0.45264175240384613 0.42373862980769234 0.4397551538461538 0.3742812403846154 0.4913015456730769 0.34774313221153846 0.5573453605769231 0.3272364086538462 0.6024484543269231 0.3320615216346154 0.6346649495192308
1 0.5045592403846154 0.5702319591346154 0.4659583509615385 0.6121134014423076 0.42253235096153846 0.6459407211538462 0.40323190625 0.6974871129807692 0.3875502980769231 0.7425902067307693 0.4092632980769231 0.713595360576923 0.4840525168269231 0.6298324735576923 0.5202408485576924 0.6137242259615385 0.5407475721153846 0.6072809278846154 0.5636668485576923 0.5895618557692308 0.6179493485576923 0.5863402067307693 0.5889986802884615 0.5428479374999999 0.5853798485576923 0.5364046394230769 0.5395412932692307 0.5476804134615384 0.5045592403846154 0.5702319591346154
1 0.4526892932692308 0.5718427836538461 0.41891351682692307 0.6056701033653846 0.4092632980769231 0.6394974230769231 0.42494490625000003 0.6507731947115385 0.4780211274038461 0.5943943293269232 0.52265340625 0.5621778341346154 0.5528103485576923 0.5396262884615385 0.5576354591346153 0.5202963918269231 0.5298910697115384 0.4945231947115385 0.5081780745192307 0.4993556706730769 0.4756085721153846 0.5380154639423077 0.4526892932692308 0.5718427836538461
1 0.3320615216346154 0.4349226802884615 0.28742924278846155 0.5251288653846153 0.30190457451923075 0.5895618557692308 0.31879246394230765 0.5299613413461539 0.3622184639423077 0.47519329807692307 0.4599269615384615 0.42042525721153845 0.40323190625 0.36243556730769233 0.3911691322115385 0.3414948461538462 0.36583729807692306 0.3865979375 0.3320615216346154 0.4349226802884615
1 0.24641579807692307 0.4929123701923077 0.24279696634615386 0.5460695865384616 0.28019157451923077 0.47519329807692307 0.3368866298076923 0.4123711346153846 0.36583729807692306 0.3801546394230769 0.3622184639423077 0.35438144230769236 0.36101218509615385 0.34954896875 0.3405054639423077 0.3559922692307692 0.29949201923076924 0.3785438149038462 0.2608911322115385 0.4365335048076923 0.24641579807692307 0.4929123701923077
1 0.18851446634615382 0.5154639182692308 0.2596848533653846 0.40431700961538464 0.29346063221153845 0.3656572163461539 0.30190457451923075 0.3398840216346154 0.28863552163461537 0.3414948461538462 0.23917813221153847 0.3704896899038461 0.1981646923076923 0.4107603100961539 0.17765796875 0.4719716490384615 0.18851446634615382 0.5154639182692308
1 0.2705413557692308 0.32860824759615387 0.29587318990384615 0.31733247355769234 0.35618707451923076 0.32377577403846153 0.36824985336538457 0.30444587740384615 0.3441242980769231 0.29639175240384613 0.30672968749999996 0.2883376298076923 0.2765727451923077 0.30766752644230766 0.2705413557692308 0.30605670192307693 0.26450996634615387 0.3318298966346154 0.2705413557692308 0.32860824759615387
1 0.15111985817307694 0.43170103125 0.15956380288461539 0.4381443293269231 0.2512409110576923 0.32699742307692303 0.28019157451923077 0.30122422596153847 0.29225435576923076 0.25934278365384617 0.28139785336538464 0.2577319591346154 0.27914982692307694 0.2561211346153846 0.24641579807692307 0.2947809278846154 0.19092702403846154 0.32699742307692303 0.14146963221153847 0.36404639182692305 0.15111985817307694 0.43170103125
1 0.11975663701923077 0.30444587740384615 0.10407502403846153 0.3672680408653846 0.10407502403846153 0.38498711298076926 0.21505257932692307 0.28994845432692307 0.24762207692307692 0.26095360817307695 0.2608911322115385 0.22229381490384614 0.24641579807692307 0.2126288653846154 0.24400324278846153 0.1997422692307692 0.19575213461538463 0.21907216586538464 0.18248307692307691 0.24001288701923076 0.15111985817307694 0.26095360817307695 0.11975663701923077 0.30444587740384615
1 0.11010641346153846 0.27706185576923076 0.17765796875 0.2303479375 0.22108396634615385 0.17557989663461537 0.21867140865384613 0.1691365985576923 0.2114337451923077 0.1804123701923077 0.2114337451923077 0.18685567067307693 0.19333957932692308 0.16430412259615385 0.1716265793269231 0.16591494951923075 0.10890013461538461 0.26578608173076923 0.11010641346153846 0.27706185576923076
1 0.04979252403846154 0.3431056706730769 0.08718713461538462 0.28189432932692304 0.11493152403846155 0.21746134134615386 0.13543824759615386 0.18846649519230768 0.14026335817307692 0.1707474230769231 0.08115575 0.20135309375000002 0.035317192307692306 0.24001288701923076 0.03652347115384615 0.27706185576923076 0.04979252403846154 0.3431056706730769
1 0.6239807379807693 0.6781572163461539 0.5853798485576923 0.713595360576923 0.5564291802884616 0.7458118557692307 0.5250659615384615 0.8199097932692307 0.5347161802884616 0.8650128870192308 0.5406766129807692 0.8797945721153847 0.5407475721153846 0.8795103100961538 0.5769359038461539 0.8005798966346155 0.5889986802884615 0.7570876298076924 0.6179493485576923 0.7216494855769231 0.6529314014423077 0.6958762884615385 0.6734381225961539 0.6749355673076922 0.6710255673076924 0.6507731947115385 0.6239807379807693 0.6781572163461539
1 0.35739335096153846 0.07570876201923077 0.2693350769230769 0.09503865865384616 0.23555930048076926 0.13853092788461538 0.28019157451923077 0.19652061778846155 0.3405054639423077 0.1369201033653846 0.41891351682692307 0.10309278365384615 0.35739335096153846 0.07570876201923077
1 0.46233951682692304 0.15786082451923075 0.45872068269230765 0.15302835096153847 0.3984067956730769 0.14980670192307693 0.36704357451923075 0.15786082451923075 0.3139673557692308 0.21101804086538462 0.3260301322115385 0.21746134134615386 0.36101218509615385 0.18202319471153847 0.46233951682692304 0.15786082451923075
1 0.41288213221153847 0.2384020625 0.43821396153846154 0.22229381490384614 0.4502767403846154 0.2126288653846154 0.5178282932692307 0.18524484615384618 0.4804336826923077 0.1997422692307692 0.3742812403846154 0.21746134134615386 0.35998959375 0.24323453605769232 0.3742812403846154 0.2690077307692308 0.3875502980769231 0.26095360817307695 0.41288213221153847 0.2384020625
1 0.4430390745192308 0.32377577403846153 0.4551018485576923 0.3108891754807692 0.4937027379807692 0.29639175240384613 0.5250659615384615 0.29639175240384613 0.575729625 0.28189432932692304 0.6300121225961538 0.27545103125000003 0.6396623485576923 0.24001288701923076 0.6288058461538462 0.23356958653846152 0.5853798485576923 0.2303479375 0.5503977908653847 0.24484536057692308 0.4828462403846154 0.24967783413461536 0.44786418509615383 0.25128865865384614 0.40342588701923077 0.2802835048076923 0.41288213221153847 0.30444587740384615 0.4370076826923077 0.32699742307692303 0.4430390745192308 0.32377577403846153
1 0.656550235576923 0.3527706177884615 0.7096264567307693 0.33021907211538465 0.6155367908653846 0.32860824759615387 0.5853798485576923 0.3366623701923077 0.5528103485576923 0.3414948461538462 0.5130031802884616 0.36243556730769233 0.49008390625000003 0.3865979375 0.4890919110576923 0.38820876201923077 0.5057655168269231 0.4558634014423077 0.5371287379807692 0.3801546394230769 0.5829672932692308 0.3656572163461539 0.656550235576923 0.3527706177884615
1 0.6082991225961538 0.5041881442307692 0.6312184014423077 0.4784149495192308 0.6710255673076924 0.4284793822115385 0.689119733173077 0.4155927836538461 0.79165334375 0.3946520625 0.792859622596154 0.38337628846153843 0.7409896802884616 0.3817654639423077 0.7096264567307693 0.3946520625 0.6818820697115384 0.4123711346153846 0.6022677379807692 0.43331185576923076 0.5841735721153847 0.46069587740384615 0.58779240625 0.5009664951923077 0.5902049567307692 0.5122422692307692 0.5986489038461539 0.5170747427884615 0.6082991225961538 0.5041881442307692
1 0.6987699567307692 0.4961340216346154 0.7458147884615385 0.46875 0.7723528990384616 0.46391752644230766 0.8519672307692308 0.44780927884615385 0.8386981778846153 0.43331185576923076 0.7421959567307692 0.4365335048076923 0.6867071778846154 0.4445876298076923 0.640868625 0.48969072115384615 0.6435320649038462 0.5347938149038461 0.6589627908653846 0.5299613413461539 0.6625816250000001 0.5154639182692308 0.6987699567307692 0.4961340216346154
1 0.6915322884615385 0.5460695865384616 0.70480134375 0.5283505144230769 0.8190802884615385 0.4993556706730769 0.79165334375 0.4993556706730769 0.7409896802884616 0.4961340216346154 0.6951511225961539 0.51385309375 0.6746444014423076 0.5589561850961539 0.6722318461538461 0.5815077307692308 0.6915322884615385 0.5460695865384616
1 0.8598367572115385 0.5831696947115385 0.8423170072115386 0.5847293822115385 0.7807968461538461 0.5815077307692308 0.732545733173077 0.5943943293269232 0.7180704014423077 0.6298324735576923 0.722197139423077 0.63429353125 0.7446085096153846 0.631443298076923 0.8598367572115385 0.5831696947115385