2 0.9075546754807693 0.7621173485576923 1 0.6026785721153846 0.9821401682692308 0.5500637764423076 0.8694684663461539 0.7270408173076923 0.8250345552884616 0.7955994903846153 0.9075546754807693 0.7621173485576923
1 1 0.45599489663461534 0.9488147379807692 0.46556122355769236 0.8409038076923078 0.5723852043269231 0.8155130048076923 0.6010841826923077 0.8996200480769231 0.6058673485576923 0.9884878701923078 0.5277423485576923 1 0.45599489663461534
2 0.772666016826923 0.625 0.8202737788461539 0.5484693894230769 0.8520122884615385 0.4751275480769231 0.9026041634615385 0.41294642788461544 0.9075546754807693 0.41772959374999996 0.9139023774038461 0.3922193894230769 0.8409038076923078 0.3651147956730769 0.8250345552884616 0.40178571394230767 0.7742529423076923 0.5181760216346154 0.7107759278846154 0.6122448966346153 0.772666016826923 0.625
5 0.7774267956730768 0.696747451923077 0.9027939014423076 0.6552933653846154 0.9041914663461538 0.6122448966346153 0.8012306754807692 0.6138392860576923 0.6933197475961539 0.6425382644230768 0.6679289423076923 0.712691326923077 0.7774267956730768 0.696747451923077
2 0.5187579567307693 0.7637117355769232 0.5663657163461538 0.7334183653846154 0.5743003413461538 0.6951530625 0.5486359110576923 0.669642858173077 0.5314533557692308 0.66804846875 0.4663894182692308 0.7525510216346153 0.49971484855769227 0.81632653125 0.5187579567307693 0.7637117355769232
1 0.5187978365384616 0.6756598076923077 0.5203448798076923 0.661670920673077 0.48543251923076924 0.625 0.36958696394230767 0.6919642860576923 0.4330639831730769 0.7158801033653847 0.5187978365384616 0.6756598076923077
5 0.6742766442307692 0.6361607139423077 0.6742766442307692 0.6058673485576923 0.6711027908653846 0.6042729591346154 0.5981042211538461 0.6409438798076923 0.5996911514423077 0.703125 0.6742766442307692 0.6361607139423077
5 0.723471329326923 0.47353316586538463 0.6742766442307692 0.49585459374999996 0.6822112716346154 0.5771683653846154 0.6822112716346154 0.5452806105769231 0.7076020745192307 0.5070153076923076 0.7545068966346153 0.5029597139423078 0.7520359855769231 0.4830994903846154 0.723471329326923 0.47353316586538463
5 0.6203211778846154 0.5644132644230769 0.6711027908653846 0.5548469375 0.6568204615384615 0.5389030625 0.6409512091346153 0.5133928581730769 0.6266688798076923 0.4942602043269231 0.6044519254807692 0.51977040625 0.5441487596153846 0.5500637764423076 0.5409749110576922 0.58195153125 0.5552572403846153 0.615433673076923 0.5885826706730769 0.6297831658653846 0.5949303725961539 0.5883290793269231 0.6203211778846154 0.5644132644230769
4 0.3886300721153846 0.65210459375 0.4140208798076923 0.6632653076923076 0.44893323557692305 0.6457270408653847 0.4740327379807692 0.618622451923077 0.46480248798076923 0.5994897956730769 0.4235424302884615 0.59789540625 0.4076731778846154 0.6058673485576923 0.3918039206730769 0.631377548076923 0.3727608173076923 0.6855867355769232 0.37593466586538465 0.677614795673077 0.3886300721153846 0.65210459375
4 0.6599943149038462 0.2822066346153846 0.6615812403846154 0.19929846875 0.6123865504807692 0.17857142788461539 0.5679526394230769 0.19929846875 0.6361904350961538 0.2758290793269231 0.6599943149038462 0.2822066346153846