1 0.5637621634615384 0.6698412716346154 0.6050222259615384 0.6174603149038462 0.6351738076923077 0.5603174615384615 0.6367607331730769 0.5349206346153846 0.5843921947115385 0.5412698389423076 0.5447190625 0.5650793653846153 0.509806701923077 0.6174603149038462 0.48600282211538465 0.66825396875 0.4510904615384615 0.7571428581730769 0.4447427596153846 0.7825396850961539 0.4243799591346154 0.8 0.4606120168269231 0.8619047596153847 0.503459 0.8301587283653846 0.5320236586538462 0.722222221153846 0.5637621634615384 0.6698412716346154
1 0.3098541033653846 0.6460317475961539 0.3447664615384615 0.60476190625 0.38761344951923077 0.5650793653846153 0.39713499999999996 0.5460317475961538 0.3447664615384615 0.557142858173077 0.31620180528846153 0.5634920625000001 0.2781155961538462 0.5634920625000001 0.2654201923076923 0.5730158701923077 0.22098627884615382 0.6206349206730769 0.2019431778846154 0.6571428581730768 0.1464007860576923 0.6746031730769231 0.12596726201923075 0.6761904759615385 0.1178361298076923 0.7111111105769231 0.16703081730769231 0.7190476177884615 0.21146472836538463 0.7158730168269231 0.3098541033653846 0.6460317475961539
1 0.47330741826923073 0.5984126971153846 0.4780681947115385 0.5730158701923077 0.4193519567307692 0.56825396875 0.3860265192307692 0.579365079326923 0.35111416346153845 0.6190476177884616 0.31937565384615385 0.6507936490384616 0.32437995913461537 0.6587301610576923 0.3590487908653846 0.6603174615384616 0.38126574759615384 0.6730158701923077 0.4256996586538462 0.6507936490384616 0.47330741826923073 0.5984126971153846
1 0.71293315625 0.7984126971153847 0.7605409158653846 0.7841269831730769 0.7510193653846154 0.7285714254807693 0.7335631826923077 0.6365079375 0.7176939278846154 0.6238095240384616 0.6954769735576923 0.6539682524038462 0.693890048076923 0.6650793653846154 0.6811946442307693 0.6698412716346154 0.67167309375 0.7142857163461538 0.6542169158653847 0.7888888894230769 0.6542169158653847 0.8095238076923077 0.71293315625 0.7984126971153847
1 0.6081960793269231 0.7666666658653847 0.6177176322115384 0.7396825384615385 0.6319999591346155 0.7111111105769231 0.636532596153846 0.6686096850961539 0.6208914807692308 0.6619047596153845 0.5986745240384616 0.6777777788461539 0.5716967956730769 0.7365079375 0.5716967956730769 0.7444444447115385 0.5780444927884616 0.7873015865384616 0.6081960793269231 0.7666666658653847
1 0.7034116009615385 0.44761904807692304 0.6478692139423077 0.43174603125 0.5812183461538462 0.42380952403846156 0.5351975120192308 0.41587301682692307 0.5145674807692308 0.4460317475961538 0.4606120168269231 0.48888888942307696 0.43680813221153847 0.5079365072115385 0.40654251923076923 0.5335519423076923 0.44791661298076924 0.5365079374999999 0.503459 0.5301587283653846 0.5796314230769231 0.5095238076923077 0.6431084350961539 0.49841269711538466 0.6827815745192307 0.47936507932692307 0.7034116009615385 0.44761904807692304
3 0.21146472836538463 0.5126984134615384 0.2051170264423077 0.5190476177884615 0.28446329807692305 0.5269841298076924 0.3622226394230769 0.5126984134615384 0.4082434759615384 0.50476190625 0.3780918942307692 0.4587301610576923 0.3606357163461539 0.4269841298076923 0.3907872980769231 0.39206349278846153 0.38443959615384615 0.3698412716346154 0.3368318365384615 0.34603174759615385 0.33841875961538465 0.3412698389423077 0.30668025240384617 0.39682539663461536 0.30509332451923077 0.4523809519230769 0.2670071153846154 0.47936507932692307 0.21146472836538463 0.5126984134615384
3 0.48600282211538465 0.40634920432692306 0.47330741826923073 0.3825396850961538 0.4606120168269231 0.3857142836538462 0.40189577884615385 0.4222222211538461 0.4014099831730769 0.4149335913461538 0.39713499999999996 0.42063492067307695 0.3828526706730769 0.4301587283653846 0.39872192548076923 0.47460317307692307 0.43680813221153847 0.47142857451923076 0.4748943413461539 0.45555555528846153 0.48600282211538465 0.40634920432692306
2 0.6764338701923076 0.40634920432692306 0.7399108846153847 0.3698412716346154 0.7367370360576923 0.33174603125 0.71293315625 0.3349206346153846 0.6669123149038462 0.3523809519230769 0.6025730432692308 0.3708535961538461 0.5796314230769231 0.35555555528846156 0.5320236586538462 0.3936507956730769 0.5605883149038461 0.40952380769230773 0.6240653341346154 0.41428571634615385 0.6764338701923076 0.40634920432692306
3 0.5828052716346154 0.1968253966346154 0.5669360168269231 0.22380952403846152 0.5685229423076923 0.28253968509615385 0.5792817596153846 0.3107882716346154 0.5986745240384616 0.3412698389423077 0.6208914807692308 0.3412698389423077 0.6415215120192308 0.27619047596153845 0.6478692139423077 0.2206349206730769 0.6478692139423077 0.20476190625000001 0.5828052716346154 0.1968253966346154
3 0.5018720745192308 0.3777777788461538 0.48124204326923076 0.3206349206730769 0.3796788221153846 0.2603174615384615 0.33841875961538465 0.23650793750000002 0.22416013221153847 0.22222222115384616 0.20987780528846153 0.23174603125 0.2037450408653846 0.2269841298076923 0.24796401442307692 0.3 0.36380956490384614 0.3571428581730769 0.4558512403846154 0.3761904759615385 0.5018720745192308 0.3777777788461538
3 0.4431558365384615 0.20317460336538462 0.40030884855769233 0.23650793750000002 0.40665655048076926 0.24285714182692308 0.47648127163461534 0.3 0.4748943413461539 0.2666666658653846 0.4796551201923077 0.21587301682692306 0.48124204326923076 0.21587301682692306 0.4590250889423077 0.2 0.4431558365384615 0.20317460336538462
1 0.2463770889423077 0.46031746153846154 0.28446329807692305 0.3777777788461538 0.27018096875000003 0.3444444447115385 0.22416013221153847 0.30952380769230764 0.19242162259615384 0.33333333413461536 0.16544389423076922 0.35555555528846156 0.1559223389423077 0.3619047596153846 0.16247519951923076 0.3698412716346154 0.18924777403846155 0.3904761923076923 0.21305165384615382 0.4349206346153846 0.23685553365384615 0.4587301610576923 0.2463770889423077 0.46031746153846154
1 0.23050783173076922 0.6063492043269231 0.23368168509615383 0.5714285745192308 0.20829087500000001 0.5507936490384615 0.1876608485576923 0.5412698389423076 0.1829000721153846 0.5476190480769231 0.14957463461538462 0.5968253966346154 0.1464007860576923 0.6269841298076924 0.15274848798076923 0.6555555552884615 0.23050783173076922 0.6063492043269231