3 0.18170158173076922 0.7955641250000001 0.18811717548076923 0.7569913221153846 0.19346350240384616 0.7457409182692308 0.15283142067307692 0.6846673125 0.12823831971153846 0.6525233052884616 0.09936816105769232 0.6509161033653845 0.09936816105769232 0.6782385072115384 0.12075346634615383 0.7248473173076923 0.15496995192307692 0.7650273221153847 0.18170158173076922 0.7955641250000001
3 0.20522541826923077 0.7489553221153845 0.1977405625 0.7746705240384616 0.19667129807692307 0.777884923076923 0.22767998798076924 0.7762777259615384 0.23409558173076925 0.7521697211538462 0.2159180721153846 0.710382514423077 0.19239423557692306 0.6718097043269231 0.17635525721153847 0.639665704326923 0.16138554567307692 0.6252009014423077 0.17635525721153847 0.66538090625 0.19667129807692307 0.7007393125000001 0.20201762259615386 0.7360977163461538 0.20522541826923077 0.7489553221153845
3 0.26617353846153846 0.6927033125000001 0.2618964759615384 0.6605593052884615 0.25868868028846154 0.6467833052884615 0.25868868028846154 0.6621665072115385 0.26082721153846156 0.7200257163461538 0.2565501490384615 0.7489553221153845 0.23195705048076926 0.7987785312500001 0.2255414591346154 0.7955641250000001 0.22767998798076924 0.8036001322115385 0.26403500721153844 0.8164577331730769 0.28221251682692305 0.7907425240384616 0.289697375 0.7409193173076923 0.26617353846153846 0.6927033125000001
1 0.2800739855769231 0.6300225024038462 0.2843510480769231 0.6525233052884616 0.2907666394230769 0.6428801033653847 0.2971822283653846 0.6252009014423077 0.30145929086538464 0.6059144975961538 0.28221251682692305 0.5689488918269231 0.24906529567307695 0.5384120865384616 0.21377954086538462 0.4789456778846154 0.19987909134615386 0.46769527403846156 0.16780113461538462 0.4918032788461538 0.18811717548076923 0.5448408846153846 0.2105717451923077 0.57859209375 0.23516484615384614 0.576984891826923 0.24585749759615386 0.5721632884615384 0.2554808846153846 0.57859209375 0.2693813341346154 0.6091288966346153 0.2800739855769231 0.6300225024038462
1 0.3217753317307693 0.5898424927884616 0.31856753365384616 0.5930568966346154 0.31856753365384616 0.6252009014423077 0.3164290048076923 0.6364513004807691 0.2982514951923077 0.6782385072115384 0.2961129639423077 0.710382514423077 0.3025285552884615 0.7425265192307692 0.34529916826923074 0.7441337211538461 0.37096153125 0.7119897163461538 0.3517147572115385 0.6444873004807692 0.34209137019230773 0.6139504975961538 0.3217753317307693 0.5898424927884616
1 0.1335846466346154 0.4853744759615385 0.11968419951923076 0.5319832836538462 0.11433787259615384 0.576984891826923 0.11540713701923076 0.6123433004807692 0.11647640384615385 0.6187720985576923 0.12716905528846154 0.6123433004807692 0.12823831971153846 0.6123433004807692 0.14641582932692307 0.6123433004807692 0.1635240721153846 0.6043072956730768 0.16566260336538463 0.5641272884615385 0.16245481009615384 0.4982320817307692 0.15924701442307693 0.47573127884615385 0.1335846466346154 0.4853744759615385
1 0.34529916826923074 0.44358727403846154 0.33032945192307694 0.42430086778846154 0.3247493317307692 0.42430086778846154 0.32498312740384616 0.4580520721153846 0.3431606370192308 0.5014464807692307 0.3495762259615385 0.5287688846153846 0.3517147572115385 0.560912891826923 0.3517147572115385 0.588235295673077 0.36026887980769234 0.6203793004807692 0.37203079567307695 0.6509161033653845 0.38913904086538464 0.6782385072115384 0.40624728365384616 0.6718097043269231 0.4019702211538462 0.6139504975961538 0.39555463221153847 0.560912891826923 0.38913904086538464 0.5223400817307693 0.37630785817307694 0.4885888798076923 0.34529916826923074 0.44358727403846154
3 0.44687936298076925 0.5850208966346154 0.44687936298076925 0.5898424927884616 0.45650275 0.6027000985576924 0.4607798100961539 0.5512696875 0.44581009855769227 0.4869816778846153 0.4265633245192308 0.44358727403846154 0.4073165480769231 0.4066216658653846 0.38806977403846155 0.36644166105769227 0.36454594230769233 0.33590485336538467 0.30145929086538464 0.33269045432692307 0.2843510480769231 0.35036965625000005 0.2971822283653846 0.4082288629807692 0.3335372475961539 0.41626486778846156 0.37310006249999994 0.3953712620192308 0.39555463221153847 0.4387656730769231 0.40517801923076924 0.4773384759615385 0.43404818269230766 0.5496624855769231 0.44687936298076925 0.5850208966346154
1 0.505688951923077 0.5480552884615385 0.5046196875 0.5576984927884616 0.503550420673077 0.5593056875 0.5580829495192308 0.5512696875 0.5698448653846154 0.5255544855769231 0.5484595600961538 0.4596592740384615 0.5163816033653846 0.4050144639423077 0.4992733605769231 0.3809064591346154 0.45329495673076925 0.35036965625000005 0.4426023028846154 0.3407264543269231 0.43511744711538464 0.35036965625000005 0.50675821875 0.4548376730769231 0.5121045408653846 0.49019607692307693 0.5131738076923077 0.5175184807692308 0.5099660144230769 0.5400192836538461 0.505688951923077 0.5480552884615385
1 0.5687756009615385 0.5737704927884615 0.5591522139423077 0.5850208966346154 0.5591522139423077 0.5689488918269231 0.5399054399038461 0.5850208966346154 0.5260049927884615 0.5850208966346154 0.5302820504807693 0.6075216995192307 0.584814579326923 0.6332369014423077 0.6297237211538461 0.6444873004807692 0.6553860865384615 0.6187720985576923 0.63186225 0.5368048846153847 0.6094076802884616 0.46769527403846156 0.5922994375 0.4419800721153846 0.5655678076923076 0.3905496610576923 0.5538058870192308 0.3567984591346154 0.5356283774038462 0.33429765625 0.5206586658653847 0.33269045432692307 0.5131738076923077 0.3519768581730769 0.5452517668269231 0.4146576658653846 0.5495288245192308 0.4660880769230769 0.5677063341346154 0.4918032788461538 0.5762604591346154 0.5207328846153846 0.5687756009615385 0.5737704927884615
2 0.4736109951923077 0.3294760552884615 0.47895731971153843 0.3407264543269231 0.4776905096153846 0.3294760552884615 0.48216511538461543 0.30697525240384615 0.4607798100961539 0.2732240432692308 0.42335552644230773 0.26840244230769233 0.3902083052884615 0.27000964423076923 0.38486197836538466 0.2909032451923077 0.4704031995192308 0.3214400480769231 0.4736109951923077 0.3294760552884615
2 0.6094076802884616 0.4580520721153846 0.6201003341346154 0.45644487499999997 0.6190310697115385 0.4548376730769231 0.6201003341346154 0.4500160721153846 0.6061998846153845 0.3953712620192308 0.588022375 0.3439408533653846 0.5730526610576923 0.29251044711538465 0.5538058870192308 0.2523304423076923 0.5334898461538462 0.22340083653846154 0.4725417307692308 0.18000642548076923 0.43404818269230766 0.1607200264423077 0.4019702211538462 0.1607200264423077 0.4009009591346154 0.2041144326923077 0.4426023028846154 0.23143683653846156 0.50248115625 0.23143683653846156 0.5153123389423077 0.2539376394230769 0.5580829495192308 0.3600128581730769 0.5644985408653846 0.39215686298076924 0.6019228245192307 0.44358727403846154 0.6094076802884616 0.4580520721153846