1 1 0.8349206346153846 0.792279423076923 0.688888889423077 0.7843447956730769 0.6968253966346154 0.7399108846153847 0.7650793653846153 0.7573670673076923 0.8492063509615384 0.8367133341346153 0.8666666658653847 1 0.9444444447115384 1 0.8349206346153846
2 0.6526299903846154 0.8603174615384616 0.7097593028846153 0.8619047596153847 0.72086778125 0.8079365072115384 0.693890048076923 0.7571428581730769 0.6495011562499999 0.7617359014423077 0.6526299903846154 0.8603174615384616
5 0.841474110576923 0.6968253966346154 0.889081875 0.7619047596153846 0.9477981105769231 0.7396825384615385 0.9652542932692308 0.6444444447115385 0.8926339278846154 0.5888888894230769 0.8843210985576923 0.59523809375 0.8446479639423077 0.6539682524038462 0.841474110576923 0.6968253966346154
2 0.6034353028846154 0.48253968509615386 0.5907398966346153 0.34761904807692307 0.5053323413461539 0.384126983173077 0.4971112980769231 0.39682539663461536 0.5351975120192308 0.49365079567307696 0.6034353028846154 0.48253968509615386
1 0.503459 0.5269841298076924 0.4558512403846154 0.45079364903846153 0.4558512403846154 0.45714285817307687 0.32889720913461534 0.5269841298076924 0.3892003725961538 0.5650793653846153 0.47330741826923073 0.5650793653846153 0.503459 0.5269841298076924
1 0.2540083293269231 0.4389511370192307 0.18924777403846155 0.49365079567307696 0.22733398317307693 0.5365079374999999 0.2606594134615384 0.5761904759615384 0.3304841322115385 0.5301587283653846 0.3336579831730769 0.4920634927884615 0.2540083293269231 0.4389511370192307
1 0.44791661298076924 0.2650793653846154 0.4399819855769231 0.23015872836538462 0.3923742211538462 0.25396825240384613 0.38311012019230767 0.2555555552884615 0.43522120913461537 0.3539682524038461 0.5225021057692307 0.3698412716346154 0.5399582836538461 0.3492063509615385 0.44791661298076924 0.2650793653846154
3 0.5351975120192308 0.2587301610576923 0.46378586778846154 0.16825396875 0.4590250889423077 0.15396825240384615 0.4399819855769231 0.17619047596153845 0.4339037692307692 0.1650793653846154 0.4606120168269231 0.2603174615384615 0.5066328533653846 0.33809524038461536 0.5621752403846154 0.3571428581730769 0.5351975120192308 0.2587301610576923
1 0.5748706442307692 0.14126983894230769 0.5431321370192308 0.11269841346153846 0.5161544038461539 0.13809524038461538 0.4989831322115385 0.13650793749999998 0.5288498076923077 0.23333333413461538 0.5812183461538462 0.2650793653846154 0.6002614495192308 0.20793650721153847 0.5748706442307692 0.14126983894230769
1 0.7081723774038462 0.28253968509615385 0.6415215120192308 0.23015872836538462 0.6304130360576923 0.23015872836538462 0.5907398966346153 0.2587301610576923 0.5732837211538462 0.24603174759615387 0.5701098677884615 0.3015873028846154 0.6526299903846154 0.35873016105769234 0.7256285552884615 0.34603174759615385 0.7081723774038462 0.28253968509615385
2 0.051185262019230765 0.1968253966346154 0.016443454326923075 0.23968253846153847 0.10990150240384616 0.3126984134615384 0.1590961923076923 0.3079365072115384 0.1384661610576923 0.2634920625 0.051185262019230765 0.1968253966346154
2 0.07816299519230768 0.1634920625 0.04801141346153846 0.18095238221153845 0.07816299519230768 0.2 0.06388066586538461 0.1968253966346154 0.17972622115384615 0.2619047596153846 0.21463857692307692 0.2619047596153846 0.1829000721153846 0.21428571634615384 0.07816299519230768 0.1634920625
2 0.14005308413461537 0.1269841298076923 0.12418383173076923 0.1587301610576923 0.12735768028846153 0.15555555528846154 0.2019431778846154 0.19206349278846155 0.23844245673076925 0.17777777884615384 0.21463857692307692 0.15555555528846154 0.14005308413461537 0.1269841298076923
2 0.22257320432692307 0.08571428365384616 0.2035301033653846 0.06666666586538461 0.19400854567307693 0.09682539663461538 0.18448699519230768 0.09841269711538461 0.23844245673076925 0.1619047596153846 0.27018096875000003 0.1698412716346154 0.27494174278846156 0.12539682692307694 0.22257320432692307 0.08571428365384616
1 0.21987251923076923 0.05731760336538461 0.2765286706730769 0.10476190625000001 0.3098541033653846 0.07460317307692307 0.27018096875000003 0.028571425480769234 0.25113786298076923 0.012698413461538462 0.21146472836538463 0.038095240384615384 0.21987251923076923 0.05731760336538461
1 0.32279265865384615 0.026984129807692308 0.37015726682692307 0.1 0.39872192548076923 0.05873016105769231 0.35746186778846156 0.011111110576923076 0.32279265865384615 0.026984129807692308
3 0.48124204326923076 0 0.4114173293269231 0.04444444471153846 0.4114173293269231 0.046031747596153846 0.44632968990384614 0.0730158701923077 0.4796551201923077 0.03174603125 0.5240890312500001 0.04444444471153846 0.49552437259615384 0 0.48124204326923076 0