1 0 0.9444444447115384 0.1632866658653846 0.8666666658653847 0.24263293269230768 0.8492063509615384 0.2600891153846154 0.7650793653846153 0.21565520432692306 0.6968253966346154 0.20772057692307694 0.688888889423077 0 0.8349206346153846 0 0.9444444447115384
2 0.35049884375 0.7617359014423077 0.30610995192307694 0.7571428581730769 0.27913221875 0.8079365072115384 0.2902406971153846 0.8619047596153847 0.3473700096153846 0.8603174615384616 0.35049884375 0.7617359014423077
5 0.1553520360576923 0.6539682524038462 0.11567890144230769 0.59523809375 0.10736607211538461 0.5888888894230769 0.03474570673076923 0.6444444447115385 0.05220188942307692 0.7396825384615385 0.11091812499999999 0.7619047596153846 0.15852588942307694 0.6968253966346154 0.1553520360576923 0.6539682524038462
2 0.46480248798076923 0.49365079567307696 0.5028887019230769 0.39682539663461536 0.49466765865384615 0.384126983173077 0.40926010336538465 0.34761904807692307 0.3965646971153846 0.48253968509615386 0.46480248798076923 0.49365079567307696
1 0.5266925817307693 0.5650793653846153 0.6107996274038462 0.5650793653846153 0.6711027908653846 0.5269841298076924 0.5441487596153846 0.45714285817307687 0.5441487596153846 0.45079364903846153 0.496541 0.5269841298076924 0.5266925817307693 0.5650793653846153
1 0.6663420168269231 0.4920634927884615 0.6695158677884615 0.5301587283653846 0.7393405865384615 0.5761904759615384 0.772666016826923 0.5365079374999999 0.8107522259615384 0.49365079567307696 0.7459916706730769 0.4389511370192307 0.6663420168269231 0.4920634927884615
1 0.4600417163461538 0.3492063509615385 0.47749789423076927 0.3698412716346154 0.5647787908653846 0.3539682524038461 0.6168898798076923 0.2555555552884615 0.6076257788461539 0.25396825240384613 0.5600180144230769 0.23015872836538462 0.5520833870192308 0.2650793653846154 0.4600417163461538 0.3492063509615385
3 0.4378247596153846 0.3571428581730769 0.4933671466346154 0.33809524038461536 0.5393879831730769 0.2603174615384615 0.5660962307692308 0.1650793653846154 0.5600180144230769 0.17619047596153845 0.5409749110576922 0.15396825240384615 0.5362141322115385 0.16825396875 0.46480248798076923 0.2587301610576923 0.4378247596153846 0.3571428581730769
1 0.39973855048076923 0.20793650721153847 0.41878165384615385 0.2650793653846154 0.4711501923076923 0.23333333413461538 0.5010168677884616 0.13650793749999998 0.48384559615384615 0.13809524038461538 0.4568678629807692 0.11269841346153846 0.4251293557692308 0.14126983894230769 0.39973855048076923 0.20793650721153847
1 0.27437144471153846 0.34603174759615385 0.3473700096153846 0.35873016105769234 0.42989013221153843 0.3015873028846154 0.4267162788461538 0.24603174759615387 0.40926010336538465 0.2587301610576923 0.36958696394230767 0.23015872836538462 0.3584784879807692 0.23015872836538462 0.29182762259615386 0.28253968509615385 0.27437144471153846 0.34603174759615385
2 0.8615338389423077 0.2634920625 0.8409038076923078 0.3079365072115384 0.8900984975961539 0.3126984134615384 0.9835565456730768 0.23968253846153847 0.9488147379807692 0.1968253966346154 0.8615338389423077 0.2634920625
2 0.8170999278846154 0.21428571634615384 0.785361423076923 0.2619047596153846 0.8202737788461539 0.2619047596153846 0.9361193341346153 0.1968253966346154 0.9218370048076923 0.2 0.9519885865384615 0.18095238221153845 0.9218370048076923 0.1634920625 0.8170999278846154 0.21428571634615384
2 0.785361423076923 0.15555555528846154 0.7615575432692308 0.17777777884615384 0.7980568221153846 0.19206349278846155 0.8726423197115385 0.15555555528846154 0.8758161682692307 0.1587301610576923 0.8599469158653845 0.1269841298076923 0.785361423076923 0.15555555528846154
2 0.7250582572115385 0.12539682692307694 0.72981903125 0.1698412716346154 0.7615575432692308 0.1619047596153846 0.8155130048076923 0.09841269711538461 0.8059914543269231 0.09682539663461538 0.7964698966346154 0.06666666586538461 0.7774267956730768 0.08571428365384616 0.7250582572115385 0.12539682692307694
1 0.7885352716346153 0.038095240384615384 0.7488621370192308 0.012698413461538462 0.72981903125 0.028571425480769234 0.6901458966346153 0.07460317307692307 0.723471329326923 0.10476190625000001 0.7801274807692308 0.05731760336538461 0.7885352716346153 0.038095240384615384
1 0.6425381322115384 0.011111110576923076 0.6012780745192308 0.05873016105769231 0.6298427331730768 0.1 0.6772073413461539 0.026984129807692308 0.6425381322115384 0.011111110576923076
3 0.5044756274038462 0 0.47591096875 0.04444444471153846 0.5203448798076923 0.03174603125 0.5536703100961539 0.0730158701923077 0.5885826706730769 0.046031747596153846 0.5885826706730769 0.04444444471153846 0.5187579567307693 0 0.5044756274038462 0