1 0.39531970673076927 0.9165592788461538 0.37481298557692305 0.8505154639423077 0.359131375 0.8166881442307693 0.2565977644230769 0.7200386586538462 0.2457412668269231 0.7200386586538462 0.2385035985576923 0.7313144326923078 0.20110898798076923 0.7522551538461539 0.20231526682692308 0.7731958774038462 0.25177265625 0.8408505144230769 0.27107310096153847 0.869845360576923 0.37240043269230766 0.9503865985576923 0.3977322620192308 0.9487757740384615 0.39531970673076927 0.9165592788461538
1 0.14320765625 0.7941365985576923 0.17336460336538462 0.7796391754807692 0.20231526682692308 0.7280927836538461 0.22523454326923076 0.6588273197115384 0.1962838798076923 0.6394974230769231 0.1528578798076923 0.6233891754807692 0.11305071394230769 0.6056701033653846 0.04791171394230769 0.5847293822115385 0.04188032932692308 0.5863402067307693 0.015342216346153846 0.618556701923077 0.022579884615384613 0.6443298966346155 0.03946777163461539 0.6733247427884615 0.1009879375 0.7119845360576923 0.13235115865384614 0.7522551538461539 0.14320765625 0.7941365985576923
1 0.6727635913461539 0.6024484543269231 0.6522568677884616 0.5573453605769231 0.6257187596153847 0.4913015456730769 0.5762613701923077 0.4397551538461538 0.5810864831730769 0.45264175240384613 0.5352479254807693 0.4816365985576923 0.5328353701923076 0.5025773197115385 0.5448981514423077 0.5235180408653846 0.5810864831730769 0.5734536081730769 0.5883241466346154 0.6153350504807692 0.6124497019230769 0.6829896899038462 0.6474317572115385 0.7087628870192308 0.6679384783653847 0.6346649495192308 0.6727635913461539 0.6024484543269231
1 0.4604587067307693 0.5476804134615384 0.41462015144230774 0.5364046394230769 0.41100131971153847 0.5428479374999999 0.3820506514423077 0.5863402067307693 0.43633315144230767 0.5895618557692308 0.4592524278846154 0.6072809278846154 0.4797591514423077 0.6137242259615385 0.5159474831730769 0.6298324735576923 0.5907367019230769 0.713595360576923 0.6124497019230769 0.7425902067307693 0.59676809375 0.6974871129807692 0.5774676490384615 0.6459407211538462 0.5340416490384615 0.6121134014423076 0.4954407596153846 0.5702319591346154 0.4604587067307693 0.5476804134615384
1 0.5243914278846155 0.5380154639423077 0.49182192548076925 0.4993556706730769 0.4701089302884615 0.4945231947115385 0.4423645408653846 0.5202963918269231 0.44718965144230766 0.5396262884615385 0.47734659375 0.5621778341346154 0.5219788725961538 0.5943943293269232 0.57505509375 0.6507731947115385 0.5907367019230769 0.6394974230769231 0.5810864831730769 0.6056701033653846 0.5473107067307692 0.5718427836538461 0.5243914278846155 0.5380154639423077
1 0.634162701923077 0.3865979375 0.6088308677884615 0.3414948461538462 0.59676809375 0.36243556730769233 0.5400730384615385 0.42042525721153845 0.6377815360576923 0.47519329807692307 0.6812075360576924 0.5299613413461539 0.6980954254807692 0.5895618557692308 0.7125707572115385 0.5251288653846153 0.6679384783653847 0.4349226802884615 0.634162701923077 0.3865979375
1 0.7391088677884615 0.4365335048076923 0.7005079807692307 0.3785438149038462 0.6594945360576923 0.3559922692307692 0.6389878149038462 0.34954896875 0.6377815360576923 0.35438144230769236 0.634162701923077 0.3801546394230769 0.6631133701923078 0.4123711346153846 0.7198084254807693 0.47519329807692307 0.7572030336538462 0.5460695865384616 0.7535842019230768 0.4929123701923077 0.7391088677884615 0.4365335048076923
1 0.82234203125 0.4719716490384615 0.8018353076923077 0.4107603100961539 0.7608218677884615 0.3704896899038461 0.7113644783653845 0.3414948461538462 0.6980954254807692 0.3398840216346154 0.7065393677884615 0.3656572163461539 0.7403151466346153 0.40431700961538464 0.8114855336538462 0.5154639182692308 0.82234203125 0.4719716490384615
1 0.7354900336538462 0.3318298966346154 0.7294586442307692 0.30605670192307693 0.7234272548076923 0.30766752644230766 0.6932703124999999 0.2883376298076923 0.6558757019230769 0.29639175240384613 0.6317501466346154 0.30444587740384615 0.6438129254807692 0.32377577403846153 0.704126810096154 0.31733247355769234 0.7294586442307692 0.32860824759615387 0.7354900336538462 0.3318298966346154
1 0.8585303677884616 0.36404639182692305 0.8090729759615385 0.32699742307692303 0.7535842019230768 0.2947809278846154 0.7208501730769231 0.2561211346153846 0.7186021466346154 0.2577319591346154 0.7077456442307692 0.25934278365384617 0.7198084254807693 0.30122422596153847 0.7487590889423077 0.32699742307692303 0.8404361971153846 0.4381443293269231 0.8488801418269231 0.43170103125 0.8585303677884616 0.36404639182692305
1 0.8488801418269231 0.26095360817307695 0.817516923076923 0.24001288701923076 0.8042478653846155 0.21907216586538464 0.7559967572115384 0.1997422692307692 0.7535842019230768 0.2126288653846154 0.7391088677884615 0.22229381490384614 0.7523779230769231 0.26095360817307695 0.7849474206730769 0.28994845432692307 0.8959249759615384 0.38498711298076926 0.8959249759615384 0.3672680408653846 0.8802433629807692 0.30444587740384615 0.8488801418269231 0.26095360817307695
1 0.8910998653846154 0.26578608173076923 0.828373420673077 0.16591494951923075 0.806660420673077 0.16430412259615385 0.7885662548076924 0.18685567067307693 0.7885662548076924 0.1804123701923077 0.7813285913461538 0.1691365985576923 0.7789160336538461 0.17557989663461537 0.82234203125 0.2303479375 0.8898935865384616 0.27706185576923076 0.8910998653846154 0.26578608173076923
1 0.9634765288461539 0.27706185576923076 0.9646828076923076 0.24001288701923076 0.91884425 0.20135309375000002 0.8597366418269231 0.1707474230769231 0.8645617524038461 0.18846649519230768 0.8850684759615385 0.21746134134615386 0.9128128653846154 0.28189432932692304 0.9502074759615385 0.3431056706730769 0.9634765288461539 0.27706185576923076
1 0.3289744326923077 0.6507731947115385 0.3265618774038461 0.6749355673076922 0.34706859855769234 0.6958762884615385 0.3820506514423077 0.7216494855769231 0.41100131971153847 0.7570876298076924 0.42306409615384616 0.8005798966346155 0.4592524278846154 0.8795103100961538 0.45932338701923076 0.8797945721153847 0.4652838197115384 0.8650128870192308 0.4749340384615385 0.8199097932692307 0.4435708197115385 0.7458118557692307 0.41462015144230774 0.713595360576923 0.37601926201923075 0.6781572163461539 0.3289744326923077 0.6507731947115385
1 0.5810864831730769 0.10309278365384615 0.6594945360576923 0.1369201033653846 0.7198084254807693 0.19652061778846155 0.7644406995192308 0.13853092788461538 0.7306649230769231 0.09503865865384616 0.6426066490384615 0.07570876201923077 0.5810864831730769 0.10309278365384615
1 0.6389878149038462 0.18202319471153847 0.6739698677884616 0.21746134134615386 0.6860326442307693 0.21101804086538462 0.6329564254807691 0.15786082451923075 0.6015932043269231 0.14980670192307693 0.5412793173076923 0.15302835096153847 0.5376604831730769 0.15786082451923075 0.6389878149038462 0.18202319471153847
1 0.6124497019230769 0.26095360817307695 0.6257187596153847 0.2690077307692308 0.6400104062499999 0.24323453605769232 0.6257187596153847 0.21746134134615386 0.5195663173076923 0.1997422692307692 0.4821717067307692 0.18524484615384618 0.5497232596153846 0.2126288653846154 0.5617860384615384 0.22229381490384614 0.5871178677884615 0.2384020625 0.6124497019230769 0.26095360817307695
1 0.5629923173076923 0.32699742307692303 0.5871178677884615 0.30444587740384615 0.5965741129807692 0.2802835048076923 0.5521358149038462 0.25128865865384614 0.5171537596153846 0.24967783413461536 0.44960220913461535 0.24484536057692308 0.41462015144230774 0.2303479375 0.37119415384615384 0.23356958653846152 0.36033765144230767 0.24001288701923076 0.36998787740384614 0.27545103125000003 0.424270375 0.28189432932692304 0.4749340384615385 0.29639175240384613 0.5062972620192308 0.29639175240384613 0.5448981514423077 0.3108891754807692 0.5569609254807693 0.32377577403846153 0.5629923173076923 0.32699742307692303
1 0.4170327067307692 0.3656572163461539 0.46287126201923073 0.3801546394230769 0.4942344831730769 0.4558634014423077 0.5109080889423077 0.38820876201923077 0.50991609375 0.3865979375 0.48699681971153846 0.36243556730769233 0.44718965144230766 0.3414948461538462 0.41462015144230774 0.3366623701923077 0.38446320913461535 0.32860824759615387 0.29037354326923076 0.33021907211538465 0.3434497644230769 0.3527706177884615 0.4170327067307692 0.3656572163461539
1 0.4013510961538461 0.5170747427884615 0.4097950432692308 0.5122422692307692 0.41220759375000005 0.5009664951923077 0.4158264278846154 0.46069587740384615 0.3977322620192308 0.43331185576923076 0.3181179302884616 0.4123711346153846 0.29037354326923076 0.3946520625 0.2590103197115385 0.3817654639423077 0.20714037740384614 0.38337628846153843 0.20834665624999998 0.3946520625 0.31088026682692305 0.4155927836538461 0.3289744326923077 0.4284793822115385 0.36878159855769227 0.4784149495192308 0.3917008774038461 0.5041881442307692 0.4013510961538461 0.5170747427884615
1 0.337418375 0.5154639182692308 0.3410372091346154 0.5299613413461539 0.3564679350961538 0.5347938149038461 0.359131375 0.48969072115384615 0.3132928221153846 0.4445876298076923 0.2578040432692308 0.4365335048076923 0.1613018221153846 0.43331185576923076 0.14803276923076922 0.44780927884615385 0.22764710096153845 0.46391752644230766 0.2541852115384616 0.46875 0.3012300432692308 0.4961340216346154 0.337418375 0.5154639182692308
1 0.3277681538461538 0.5815077307692308 0.3253555985576923 0.5589561850961539 0.30484887740384614 0.51385309375 0.2590103197115385 0.4961340216346154 0.20834665624999998 0.4993556706730769 0.18091971153846156 0.4993556706730769 0.29519865624999997 0.5283505144230769 0.30846771153846153 0.5460695865384616 0.3277681538461538 0.5815077307692308
1 0.2553914903846154 0.631443298076923 0.27780286057692305 0.63429353125 0.2819295985576923 0.6298324735576923 0.2674542668269231 0.5943943293269232 0.21920315384615385 0.5815077307692308 0.15768299278846154 0.5847293822115385 0.14016324278846154 0.5831696947115385 0.2553914903846154 0.631443298076923