4 0.5283888533653847 0.45467758413461534 0.5424426177884615 0.5166807620192307 0.6343325985576923 0.5278095408653847 0.6851423533653846 0.5103214639423077 0.6829802355769231 0.5039621610576923 0.6829802355769231 0.49601303846153844 0.6808181177884615 0.4832944375 0.6700075336538462 0.4912435625 0.6591969447115384 0.4896537355769231 0.6548727139423077 0.4705758317307692 0.6473053004807692 0.4451386322115385 0.6083871923076922 0.3990337019230769 0.6008197836538461 0.3751863293269231 0.5651448461538462 0.3545186009615385 0.5424426177884615 0.29569506971153847 0.5413615576923078 0.3004645456730769 0.5370373245192307 0.3433898269230769 0.544604735576923 0.3608779038461538 0.5662259038461538 0.3974438822115385 0.5283888533653847 0.3799558052884615 0.5132540336538461 0.41016248076923073 0.5283888533653847 0.45467758413461534
4 0.3932160336538461 0.4562798100961538 0.33591992548076927 0.5262321129807692 0.4083508533653846 0.5818759951923077 0.4786196658653846 0.6470588221153846 0.4645659014423077 0.6184419735576923 0.44726896394230764 0.5755166923076923 0.43213414423076923 0.54689984375 0.4083508533653846 0.5055643894230769 0.3932160336538461 0.4562798100961538
4 0.29159652644230766 0.5786963461538461 0.2343004182692308 0.61049284375 0.25592159134615383 0.6518282980769231 0.2829480552884615 0.6677265504807692 0.2829480552884615 0.6772655024038462 0.3034881682692308 0.6820349783653845 0.3424062788461538 0.6979332259615384 0.3867296826923077 0.6979332259615384 0.3780812139423077 0.6788553245192308 0.33483886778846156 0.6438791730769231 0.3153798125 0.612082670673077 0.29159652644230766 0.5786963461538461
4 0.17484219471153845 0.5882352908653846 0.17700431249999998 0.6248012692307692 0.18349066105769232 0.6693163725961538 0.1759232548076923 0.6852146274038462 0.14673466826923076 0.7201907788461538 0.23319746394230767 0.7418647235576923 0.228895125 0.7313195576923076 0.21159818749999998 0.6915739254807692 0.21484136298076925 0.6550079519230769 0.22457088942307693 0.6232114495192308 0.23862465384615383 0.5850556442307693 0.21376030528846154 0.5723370432692307 0.1932201923076923 0.5310015889423076 0.1932201923076923 0.4976152644230769 0.18889595673076925 0.44515103125 0.18565277884615383 0.44515103125 0.16295055048076923 0.4467408605769231 0.15970737499999998 0.47694753605769236 0.16295055048076923 0.5310015889423076 0.17484219471153845 0.5882352908653846
4 0.21159818749999998 0.4340222596153846 0.20943606971153847 0.4642289350961538 0.21592242307692308 0.5214626370192308 0.228895125 0.5405405408653846 0.2624079423076923 0.545310016826923 0.28251781971153844 0.5634924711538462 0.2861912307692308 0.55484896875 0.3088934639423077 0.5198728173076923 0.3067313461538462 0.5103338653846154 0.26997535336538464 0.4785373629807692 0.2667321754807692 0.45468998317307696 0.24943523798076922 0.4403815576923077 0.21808454086538462 0.43561208173076926 0.21159818749999998 0.4340222596153846
4 0.4569984927884615 0.40540540625 0.4537553173076923 0.4260731298076923 0.45159319951923077 0.4340222596153846 0.4559174326923077 0.4753577091346154 0.46348484134615386 0.5119236875 0.46889013701923077 0.5421303677884615 0.4915923677884615 0.5087440384615385 0.5013218942307692 0.4785373629807692 0.4840249567307692 0.4387917355769231 0.48510601442307694 0.4244833076923077 0.4905113076923077 0.41335452884615387 0.4699711947115385 0.39427662740384617 0.4569984927884615 0.40540540625
4 0.33159569230769226 0.4864864855769231 0.33591992548076927 0.45310015625 0.3413252211538461 0.4149443557692308 0.3564600408653846 0.38314785336538465 0.35105474519230767 0.36724960096153847 0.33700098557692304 0.35930047596153847 0.3261904014423077 0.36089030288461543 0.3013260504807692 0.38632750240384617 0.30456922836538464 0.4038155793269231 0.31754193028846156 0.4308426057692308 0.33159569230769226 0.4864864855769231
4 0.13051879086538462 0.61049284375 0.15105890384615386 0.61049284375 0.15646419951923077 0.5993640697115384 0.15430208173076923 0.54689984375 0.1488967860576923 0.5182829903846154 0.14789329326923076 0.4858163341346154 0.12835667307692306 0.4944356105769231 0.11646502884615385 0.5198728173076923 0.10024915144230769 0.545310016826923 0.09268173798076923 0.5786963461538461 0.10565444471153847 0.5977742427884615 0.13051879086538462 0.61049284375
4 0.4699711947115385 0.12400635576923077 0.4699711947115385 0.11605723317307692 0.4667280192307692 0.10492845913461538 0.45159319951923077 0.09538950721153847 0.4364583798076923 0.10651828125 0.43429626201923077 0.14467408653846153 0.45051213942307694 0.18918918990384614 0.4591606105769231 0.2193958653846154 0.49483554326923074 0.2337042908653846 0.49267342548076926 0.21780604326923078 0.4786196658653846 0.16375199038461538 0.4699711947115385 0.12400635576923077
4 0.35754109855769234 0.11128775721153847 0.36943274278846155 0.13036565865384617 0.4040266201923077 0.13672496153846153 0.40943191105769233 0.11923688701923077 0.40510768028846156 0.10492845913461538 0.39429709134615387 0.09220986057692307 0.3759190961538461 0.07790143269230769 0.36186533413461536 0.08426073076923077 0.35754109855769234 0.11128775721153847
4 0.4645659014423077 0.10810810817307694 0.47537648798076926 0.1144674110576923 0.47970072115384615 0.10015898317307692 0.4656469591346154 0.07949125480769231 0.43753943749999996 0.042925276442307696 0.43429626201923077 0.06836248076923077 0.43753943749999996 0.09220986057692307 0.4580795504807692 0.10333863221153847 0.4645659014423077 0.10810810817307694
4 0.5056461298076923 0.05882352884615384 0.4915923677884615 0.054054052884615386 0.4829438966346154 0.07154212980769231 0.48510601442307694 0.08744038461538461 0.48510601442307694 0.10174880528846154 0.5246807908653847 0.15522934615384615 0.5315915360576923 0.15421303846153847 0.5315915360576923 0.1414944375 0.5207809495192308 0.12241653605769232 0.524024125 0.09379968028846154 0.524024125 0.08108108173076924 0.5056461298076923 0.05882352884615384
4 0.5694285889423077 0.06677265384615384 0.5618611754807692 0.08903020432692309 0.5618611754807692 0.09379968028846154 0.5856444663461539 0.16693163701923078 0.5834823485576923 0.16534181009615387 0.5780770552884615 0.17965023798076923 0.5910497572115385 0.17170111298076923 0.5953739927884615 0.14626391346153847 0.5921308173076923 0.1144674110576923 0.5791581129807692 0.08744038461538461 0.5899687019230769 0.05564388221153846 0.5834823485576923 0.046104930288461535 0.5802391730769231 0.04769475240384616 0.554293764423077 0.04769475240384616 0.5694285889423077 0.06677265384615384
4 0.9413127499999999 0.31478537259615386 0.9445559230769232 0.28616851923076925 0.9412204014423077 0.2766295721153846 0.9240158076923077 0.25914149278846155 0.9056378125000001 0.24165341586538464 0.8753681730769232 0.22416534134615385 0.8688818197115384 0.2209856923076923 0.8299637139423077 0.18282988701923075 0.8191531249999999 0.17170111298076923 0.8126667716346153 0.16693163701923078 0.7791539567307691 0.19713831250000002 0.7672623125 0.2130365673076923 0.7791539567307691 0.22416534134615385 0.832125826923077 0.24324324278846154 0.8440174735576923 0.25278219471153845 0.8796924086538461 0.2829888701923077 0.888340875 0.28934817307692307 0.888340875 0.30365660096153846 0.892665110576923 0.3211446754807692 0.9283400432692308 0.3338632764423077 0.9413127499999999 0.31478537259615386
3 0.1261945576923077 0.3179650216346154 0.13376196634615384 0.29411764903846155 0.13131555528846153 0.2686804423076923 0.12403244230769231 0.29729729807692307 0.09051962499999999 0.3481717019230769 0.08727644951923078 0.37519873076923077 0.08079009615384615 0.43243243269230774 0.07754691826923077 0.4594594591346154 0.0970059735576923 0.4403815576923077 0.10889762019230768 0.40540540625 0.1143029110576923 0.37837837740384617 0.11754608894230768 0.33545310336538464 0.1261945576923077 0.3179650216346154