1 0.8483161802884616 0.7601593629807692 0.8105141947115384 0.7378486057692307 0.7943097019230769 0.7250996009615385 0.7468476971153847 0.7617529879807693 0.7229727572115384 0.7362549807692308 0.6851707764423077 0.80318725 0.7906184134615385 0.9274900408653846 0.8662223822115384 0.8828685264423076 0.9099930985576923 0.8685258966346154 0.9736596009615385 0.8589641442307693 0.9975345384615385 0.7904382475961539 1 0.7298804783653845 0.9875866466346154 0.648605576923077 0.9318784615384617 0.6788844615384615 0.8861181634615385 0.7266932259615384 0.8522953389423077 0.7171314735576922 0.8323995576923077 0.7298804783653845 0.8940764783653846 0.8 0.9040243677884615 0.847808764423077 0.8900973173076923 0.8143426298076922 0.8682119591346154 0.7808764951923077 0.8483161802884616 0.7601593629807692
1 0.2970786875 0.4205341826923077 0.29110994951923075 0.3870680480769231 0.2608378605769231 0.36635091586538465 0.21351640384615383 0.38866167307692306 0.23540176201923077 0.4603748197115385 0.2970786875 0.4205341826923077
1 0.3269223581730769 0.44921944230769234 0.3647243389423077 0.4540003197115385 0.3925784326923077 0.40459792788461535 0.3289119350961538 0.3408529086538462 0.2930995264423077 0.39025529807692305 0.3269223581730769 0.4141596802884615 0.3269223581730769 0.44921944230769234
1 0.35079729326923076 0.3583827884615385 0.41048463701923077 0.42372143509615384 0.4598428365384616 0.38228717067307694 0.4184429495192308 0.3567891634615385 0.37268265144230767 0.3249166538461538 0.35079729326923076 0.3583827884615385
1 0.3786513870192308 0.3249166538461538 0.4642032427884616 0.3711317932692308 0.4837234326923077 0.3711317932692308 0.5020052283653846 0.32969752884615383 0.42242210336538466 0.3185421514423077 0.3866097019230769 0.3105740240384615 0.3786513870192308 0.3249166538461538
1 0.4144637908653846 0.3185421514423077 0.4741511346153846 0.3233230288461538 0.5298593245192308 0.34722741105769234 0.5573552740384615 0.30738677403846154 0.4602240889423077 0.29463776923076923 0.4144637908653846 0.3185421514423077
3 0.012569014423076924 0.14324334615384615 0.032464795673076925 0.17192860576923077 0.09613129326923077 0.17511585576923078 0.0901625625 0.1496178485576923 0.02052732932692308 0.1161517139423077 0.012569014423076924 0.14324334615384615
3 0.11403749759615385 0.15439872596153847 0.12000623317307692 0.17033498076923076 0.14143487500000002 0.16714772836538463 0.14189159134615384 0.1193389639423077 0.07026678125 0.10340270913461538 0.046391841346153845 0.11296446153846153 0.11403749759615385 0.15439872596153847
3 0.09215213942307693 0.09384095673076923 0.09215213942307693 0.10180908413461538 0.16332542307692308 0.1193389639423077 0.16178737259615383 0.16396047836538463 0.18964146875 0.13368159375 0.177704 0.10499633413461539 0.14388116826923075 0.08427920432692308 0.09215213942307693 0.09384095673076923
3 0.15382906009615385 0.061968447115384614 0.1379124375 0.07790470192307691 0.17372484134615382 0.08587282932692308 0.21108661778846155 0.1209325889423077 0.24336007451923078 0.11137083653846153 0.21749556250000002 0.07949832692307691 0.15382906009615385 0.061968447115384614
3 0.22147471634615384 0.08906007932692309 0.257287125 0.10977721153846152 0.2608378605769231 0.12411984134615385 0.28912037259615386 0.10658995913461539 0.2533079663461538 0.08268557692307692 0.23341218509615386 0.07153019951923077 0.19759978125 0.061968447115384614 0.17969357692307691 0.06993657451923077 0.22147471634615384 0.08906007932692309